163994.504525 10
163994.504607 10
163994.709434 10
163994.709455 10
163994.709467 10
163994.709477 10
163994.709487 10
163994.709496 10
163994.709507 10
163994.709516 10
163994.709525 10
163994.709536 10
163994.811272 11
163994.811286 11
163994.811323 11
163994.812519 12
163994.812527 12
163994.812537 12
163994.813747 13
163994.813754 13
163994.813764 13
163994.814877 14
163994.814885 14
163994.814894 14
163994.816126 15
163994.816134 15
163994.816144 15
163994.817317 16
163994.817329 16
163994.817394 16
163994.818550 17
163994.818557 17
163994.818567 17
163994.819750 18
163994.819758 18
163994.819767 18
163994.820948 19
163994.820956 19
163994.820966 19
163994.822207 20
163994.822227 20
163994.822254 20
163994.926396 21
163994.926407 21
163994.926425 21
163994.927585 22
163994.927595 22
163994.927622 22
163994.928864 23
163994.928873 23
163994.928887 23
163994.930045 24
163994.930055 24
163994.930086 24
163994.931230 25
163994.931242 25
163994.931261 25
163994.932443 26
163994.932452 26
163994.932463 26
163994.933653 27
163994.933661 27
163994.933671 27
163994.934810 28
163994.934819 28
163994.934829 28
163994.936097 29
163994.936106 29
163994.936116 29
163994.937293 30
163994.937303 30
163994.937314 30
163994.938488 31
163994.938501 31
163994.938512 31
163994.939701 32
163994.939710 32
163994.939723 32
163994.940958 33
163994.941051 33
163994.941088 33
163994.942155 34
163994.942180 34
163994.942202 34
163994.943325 35
163994.943333 35
163994.943346 35
163994.944553 36
163994.944562 36
163994.944574 36
163994.945799 37
163994.945807 37
163994.945817 37
163994.946966 38
163994.946974 38
163994.946986 38
163994.948182 39
163994.948191 39
163994.948209 39
163994.949392 40
163994.949418 40
163994.949430 40
163995.052312 41
163995.052318 41
163995.052326 41
163995.053478 42
163995.053484 42
163995.053491 42
163995.054743 43
163995.054749 43
163995.054756 43
163995.055900 44
163995.055906 44
163995.055913 44
163995.057178 45
163995.057184 45
163995.057192 45
163995.058340 46
163995.058345 46
163995.058352 46
163995.059555 47
163995.059560 47
163995.059567 47
163995.060748 48
163995.060753 48
163995.060760 48
163995.062022 49
163995.062027 49
163995.062034 49
163995.063231 50
163995.063236 50
163995.063275 50
163995.064393 51
163995.064398 51
163995.064406 51
163995.065576 52
163995.065581 52
163995.065588 52
163995.066884 53
163995.066889 53
163995.066896 53
163995.068038 54
163995.068043 54
163995.068050 54
163995.069255 55
163995.069260 55
163995.069267 55
163995.070438 56
163995.070443 56
163995.070450 56
163995.071714 57
163995.071720 57
163995.071726 57
163995.072869 58
163995.072874 58
163995.072880 58
163995.074069 59
163995.074074 59
163995.074090 59
163995.075258 60
163995.075263 60
163995.075269 60
163995.076491 61
163995.076496 61
163995.076502 61
163995.077703 62
163995.077708 62
163995.077714 62
163995.078912 63
163995.078917 63
163995.078923 63
163995.080088 64
163995.080093 64
163995.080101 64
163995.081332 65
163995.081337 65
163995.081343 65
163995.082541 65
163995.083798 64
163995.086151 61
163995.088577 58
163995.191635 55
163995.194109 53
163995.196463 51
163995.198953 48
163995.201312 45
163995.203748 42
163995.206175 39
163995.208620 36
163995.212174 32
163995.212185 32
163995.213369 32
163995.213393 32
163995.214610 32
163995.214620 32
163995.215847 32
163995.215857 32
163995.217107 32
163995.217142 32
163995.218235 32
163995.218245 32
163995.219461 32
163995.219476 32
163995.220723 32
163995.220733 32
163995.221883 32
163995.221893 32
163995.223093 32
163995.223127 32
163995.224309 32
163995.225543 32
163995.226840 32
163995.281224 32
163995.282507 32
163995.283902 32
163995.284910 32
163995.286168 32
163995.287333 32
163995.288558 32
163995.289681 32
163995.290967 32
163995.292233 32
163995.293409 32
163995.294597 32
163995.295804 32
163995.297036 32
163995.298234 32
163995.299379 32
163995.300572 32
163995.301883 32
163995.303056 32
163995.304203 32
163995.305500 32
163995.306690 32
163995.307901 32
163995.309186 32
163995.310279 32
163995.311584 32
163995.312730 32
163995.314018 32
163995.315129 32
163995.316364 32
163995.316385 32
163995.317610 32
163995.372131 32
163995.373250 32
163995.374509 32
163995.375741 32
163995.376953 32
163995.378188 32
163995.379329 32
163995.380682 32
163995.381793 32
163995.383112 32
163995.384188 32
163995.385466 32
163995.386707 32
163995.387942 32
163995.389086 32
163995.390303 32
163995.391448 32
163995.392718 32
163995.393940 32
163995.395113 32
163995.396308 32
163995.397521 32
163995.398796 32
163995.399980 32
163995.401258 32
163995.402340 32
163995.403608 32
163995.404822 32
163995.405991 32
163995.407218 32
163995.408403 33
163995.408412 33
163995.408424 33
163995.409628 33
163995.464122 33
163995.465345 33
163995.466540 33
163995.467825 33
163995.469009 33
163995.470176 33
163995.471374 33
163995.472669 33
163995.473893 33
163995.475176 33
163995.476305 33
163995.477515 33
163995.478705 33
163995.479988 33
163995.481120 33
163995.482365 33
163995.483547 33
163995.484741 33
163995.485949 33
163995.487133 33
163995.488356 33
163995.489584 33
163995.490759 33
163995.492020 33
163995.493222 33
163995.494420 33
163995.495624 33
163995.496840 33
163995.498042 33
163995.499268 33
163995.500456 33
163995.501761 33
163995.502899 34
163995.502907 34
163995.502918 34
163995.558627 34
163995.559819 34
163995.561168 34
163995.562292 34
163995.563490 34
163995.564703 34
163995.565972 34
163995.567152 34
163995.568350 34
163995.569566 34
163995.570789 34
163995.571957 34
163995.573289 34
163995.574385 34
163995.575613 34
163995.576818 34
163995.578090 34
163995.579261 34
163995.580422 34
163995.581626 34
163995.582858 34
163995.584064 34
163995.585247 34
163995.586458 34
163995.587676 34
163995.588921 34
163995.590112 34
163995.591308 34
163995.592554 34
163995.593734 34
163995.594971 34
163995.596155 34
163995.597317 34
163995.598568 34
163995.653074 35
163995.653082 35
163995.653092 35
163995.654264 35
163995.655488 35
163995.656734 35
163995.657900 35
163995.659208 35
163995.660327 35
163995.661594 35
163995.662794 35
163995.664066 35
163995.665193 35
163995.666442 35
163995.667639 35
163995.668911 35
163995.670073 35
163995.671312 35
163995.672473 35
163995.673692 35
163995.674898 35
163995.676096 35
163995.677263 35
163995.678498 35
163995.679712 35
163995.680969 35
163995.682172 35
163995.683340 35
163995.684570 35
163995.685794 35
163995.687008 35
163995.688206 35
163995.689439 35
163995.690634 35
163995.693059 35
163995.694235 35
163995.750023 35
163995.751303 35
163995.752441 36
163995.752449 36
163995.752462 36
163995.753650 36
163995.754870 36
163995.756095 36
163995.757309 36
163995.758492 36
163995.759699 36
163995.760972 36
163995.762156 36
163995.763362 36
163995.764522 36
163995.765780 36
163995.766978 36
163995.768259 36
163995.769416 36
163995.770647 36
163995.771844 36
163995.773026 36
163995.774231 36
163995.775448 36
163995.776675 36
163995.777874 36
163995.779068 36
163995.780299 36
163995.781531 36
163995.782727 36
163995.783947 36
163995.785141 36
163995.786350 36
163995.787555 36
163995.788773 36
163995.790000 36
163995.791240 36
163995.848105 36
163995.849375 36
163995.850544 36
163995.851766 36
163995.852972 37
163995.852984 37
163995.853017 37
163995.854295 37
163995.855378 37
163995.856560 37
163995.857824 37
163995.859092 37
163995.860216 37
163995.861457 37
163995.862628 37
163995.863929 37
163995.865101 37
163995.866287 37
163995.867515 37
163995.868795 37
163995.869981 37
163995.871188 37
163995.872399 37
163995.873595 37
163995.874744 37
163995.875997 37
163995.877243 37
163995.878403 37
163995.879631 37
163995.880852 37
163995.882057 37
163995.883242 37
163995.884455 37
163995.885673 37
163995.886874 37
163995.888104 37
163995.889307 37
163995.890506 37
163995.948637 37
163995.949794 37
163995.951167 37
163995.952282 37
163995.953525 37
163995.954696 37
163995.955934 38
163995.955945 38
163995.955959 38
163995.957158 38
163995.958356 38
163995.959536 38
163995.960787 38
163995.961993 38
163995.963295 38
163995.964427 38
163995.965660 38
163995.966835 38
163995.968118 38
163995.969235 38
163995.970487 38
163995.971716 38
163995.972929 38
163995.974093 38
163995.975358 38
163995.976567 38
163995.977783 38
163995.978974 38
163995.980177 38
163995.981430 38
163995.982575 38
163995.983755 38
163995.985003 38
163995.986230 38
163995.987366 38
163995.988626 38
163995.989820 38
163995.991098 38
163995.992324 38
163996.049141 38
163996.050348 38
163996.051541 38
163996.052805 38
163996.053937 38
163996.055201 38
163996.056435 38
163996.057706 38
163996.058827 39
163996.058836 39
163996.058848 39
163996.060188 39
163996.061294 39
163996.062519 39
163996.063718 39
163996.064999 39
163996.066166 39
163996.067300 39
163996.068577 39
163996.069806 39
163996.071013 39
163996.072241 39
163996.073446 39
163996.074524 39
163996.075849 39
163996.077082 39
163996.078221 39
163996.079432 39
163996.080641 39
163996.081904 39
163996.083128 39
163996.084283 39
163996.085464 39
163996.086646 39
163996.087919 39
163996.090312 39
163996.091540 39
163996.092753 39
163996.093950 39
163996.095193 39
163996.153265 39
163996.154519 39
163996.155723 39
163996.157025 39
163996.158186 39
163996.159356 39
163996.160538 39
163996.161829 39
163996.163017 39
163996.164212 39
163996.165436 40
163996.165452 40
163996.165472 40
163996.166649 40
163996.167879 40
163996.169163 40
163996.170287 40
163996.171505 40
163996.172695 40
163996.173950 40
163996.175161 40
163996.176321 40
163996.177564 40
163996.178738 40
163996.179989 40
163996.181204 40
163996.182388 40
163996.183580 40
163996.184836 40
163996.186036 40
163996.187176 40
163996.188417 40
163996.189686 40
163996.190837 40
163996.192122 40
163996.193274 40
163996.194464 40
163996.195686 40
163996.196923 40
163996.198130 40
163996.199360 40
163996.258668 40
163996.259899 40
163996.261057 40
163996.262272 40
163996.263620 40
163996.264726 40
163996.265960 40
163996.267265 40
163996.268337 40
163996.269638 40
163996.270829 40
163996.272091 40
163996.273255 41
163996.273264 41
163996.273277 41
163996.274373 41
163996.275669 41
163996.276927 41
163996.278102 41
163996.279308 41
163996.280559 41
163996.281753 41
163996.282950 41
163996.284190 41
163996.285310 41
163996.286610 41
163996.287794 41
163996.288987 41
163996.290210 41
163996.291425 41
163996.292621 41
163996.293865 41
163996.295029 41
163996.296268 41
163996.297486 41
163996.298721 41
163996.299882 41
163996.301112 41
163996.302336 41
163996.303527 41
163996.304694 41
163996.305928 41
163996.366487 41
163996.367685 41
163996.368973 41
163996.370131 41
163996.371332 41
163996.372546 41
163996.373752 41
163996.374964 41
163996.376250 41
163996.377394 41
163996.378637 41
163996.379808 41
163996.380972 41
163996.382161 41
163996.383381 42
163996.383389 42
163996.383398 42
163996.384590 42
163996.385813 42
163996.387080 42
163996.388255 42
163996.389483 42
163996.390716 42
163996.391937 42
163996.393148 42
163996.394373 42
163996.395588 42
163996.396756 42
163996.397967 42
163996.399182 42
163996.400396 42
163996.401574 42
163996.402770 42
163996.404009 42
163996.405212 42
163996.406419 42
163996.407641 42
163996.408888 42
163996.410097 42
163996.411270 42
163996.412495 42
163996.413719 42
163996.414919 42
163996.474264 42
163996.475506 42
163996.476679 42
163996.478020 42
163996.479181 42
163996.480367 42
163996.481580 42
163996.482830 42
163996.484020 42
163996.485272 42
163996.486455 42
163996.487651 42
163996.488854 42
163996.490118 42
163996.491206 42
163996.492440 42
163996.493678 43
163996.493688 43
163996.493703 43
163996.494889 43
163996.496081 43
163996.497331 43
163996.498535 43
163996.499752 43
163996.500996 43
163996.502203 43
163996.503413 43
163996.504644 43
163996.505837 43
163996.508198 43
163996.508211 43
163996.510597 43
163996.510611 43
163996.513046 43
163996.513062 43
163996.516677 43
163996.516690 43
163996.519119 43
163996.519152 43
163996.521512 43
163996.521523 43
163996.523969 43
163996.523980 43
163996.565140 43
163996.587009 43
163996.587022 43
163996.589320 43
163996.589331 43
163996.591748 43
163996.591760 43
163996.594252 43
163996.594265 43
163996.596661 43
163996.596672 43
163996.599154 43
163996.599167 43
163996.601465 43
163996.601476 43
163996.603957 43
163996.603971 43
163996.606293 43
163996.606305 43
163996.608759 43
163996.608770 43
163996.611230 43
163996.611243 43
163996.613694 43
163996.613707 43
163996.616095 43
163996.616108 43
163996.618473 43
163996.618486 43
163996.620892 43
163996.620903 43
163996.623247 43
163996.623259 43
163996.625765 43
163996.625776 43
163996.628122 43
163996.628134 43
163996.630555 43
163996.630566 43
163996.632995 43
163996.633029 43
163996.635421 43
163996.635433 43
163996.698341 43
163996.698357 43
163996.700814 43
163996.700827 43
163996.703261 43
163996.703275 43
163996.705630 43
163996.705643 43
163996.708096 44
163996.708106 44
163996.708117 44
163996.708126 44
163996.710504 44
163996.710518 44
163996.713012 44
163996.713026 44
163996.715306 44
163996.715318 44
163996.717734 44
163996.717746 44
163996.720278 44
163996.720292 44
163996.722670 44
163996.722683 44
163996.725154 44
163996.725167 44
163996.727536 44
163996.727550 44
163996.729973 44
163996.729987 44
163996.732284 44
163996.732305 44
163996.734736 44
163996.734748 44
163996.737176 44
163996.737188 44
163996.739630 44
163996.739644 44
163996.742007 44
163996.742021 44
163996.744452 44
163996.744466 44
163996.746837 44
163996.746850 44
163996.787109 44
163996.812211 44
163996.812234 44
163996.814639 44
163996.814651 44
163996.817122 44
163996.817136 44
163996.819466 44
163996.819478 44
163996.821956 44
163996.821970 44
163996.824358 44
163996.824373 44
163996.826757 44
163996.826768 44
163996.829161 44
163996.829173 44
163996.831624 44
163996.831636 44
163996.834022 44
163996.834035 44
163996.836460 44
163996.836473 44
163996.838931 44
163996.838944 44
163996.841357 44
163996.841370 44
163996.843772 44
163996.843786 44
163996.846137 44
163996.846168 44
163996.848598 44
163996.848612 44
163996.851029 44
163996.851042 44
163996.853483 44
163996.853497 44
163996.855891 44
163996.855904 44
163996.858336 44
163996.858350 44
163996.860739 44
163996.860753 44
163996.899355 44
163996.899364 44
163996.926117 44
163996.926132 44
163996.928469 44
163996.928479 44
163996.930922 44
163996.930933 44
163996.933352 44
163996.933364 44
163996.935810 44
163996.935822 44
163996.938227 45
163996.938235 45
163996.938247 45
163996.938254 45
163996.940645 45
163996.940659 45
163996.943109 45
163996.943126 45
163996.945470 45
163996.945482 45
163996.948072 45
163996.948084 45
163996.950355 45
163996.950367 45
163996.952757 45
163996.952769 45
163996.955244 45
163996.955256 45
163996.957555 45
163996.957566 45
163996.960120 45
163996.960136 45
163996.962409 45
163996.962426 45
163996.966053 45
163996.966065 45
163996.968475 45
163996.968488 45
163996.970889 45
163996.970902 45
163996.973310 45
163996.973326 45
163996.975727 45
163996.975739 45
163997.014427 45
163997.014437 45
163997.042289 45
163997.042300 45
163997.044807 45
163997.044821 45
163997.047178 45
163997.047189 45
163997.049686 45
163997.049700 45
163997.052119 45
163997.052133 45
163997.054501 45
163997.054514 45
163997.056989 45
163997.057003 45
163997.059346 45
163997.059362 45
163997.061781 45
163997.061795 45
163997.064234 45
163997.064247 45
163997.066663 45
163997.066677 45
163997.069083 45
163997.069097 45
163997.071520 45
163997.071533 45
163997.073822 45
163997.073834 45
163997.076291 45
163997.076304 45
163997.078682 45
163997.078694 45
163997.081118 45
163997.081137 45
163997.083558 45
163997.083569 45
163997.085978 45
163997.085990 45
163997.088400 45
163997.088412 45
163997.090831 45
163997.090842 45
163997.129513 45
163997.129524 45
163997.158575 45
163997.158585 45
163997.161020 45
163997.161031 45
163997.163439 45
163997.163449 45
163997.165873 45
163997.165884 45
163997.168286 45
163997.168296 45
163997.170705 45
163997.170715 45
163997.173174 45
163997.173185 45
163997.175545 46
163997.175552 46
163997.175562 46
163997.175568 46
163997.177974 46
163997.177984 46
163997.180399 46
163997.180408 46
163997.182828 46
163997.182838 46
163997.185249 46
163997.185258 46
163997.187718 46
163997.187728 46
163997.190114 46
163997.190125 46
163997.192538 46
163997.192548 46
163997.194979 46
163997.194990 46
163997.197426 46
163997.197438 46
163997.199845 46
163997.199855 46
163997.202272 46
163997.202282 46
163997.204654 46
163997.204665 46
163997.207097 46
163997.207108 46
163997.245747 46
163997.245756 46
163997.276114 46
163997.276122 46
163997.278509 46
163997.278518 46
163997.280908 46
163997.280917 46
163997.283346 46
163997.283354 46
163997.285805 46
163997.285814 46
163997.288210 46
163997.288218 46
163997.290609 46
163997.290616 46
163997.293028 46
163997.293037 46
163997.295451 46
163997.295459 46
163997.297850 46
163997.297857 46
163997.300322 46
163997.300330 46
163997.302743 46
163997.302751 46
163997.305169 46
163997.305177 46
163997.307583 46
163997.307591 46
163997.309993 46
163997.310002 46
163997.312425 46
163997.312434 46
163997.314859 46
163997.314871 46
163997.317212 46
163997.317220 46
163997.319657 46
163997.319665 46
163997.322145 46
163997.322158 46
163997.324572 46
163997.324585 46
163997.326995 46
163997.327026 46
163997.365697 46
163997.365708 46
163997.394778 46
163997.394790 46
163997.397215 46
163997.397225 46
163997.399691 46
163997.399703 46
163997.402162 46
163997.402174 46
163997.404496 46
163997.404509 46
163997.407004 46
163997.407016 46
163997.409326 46
163997.409337 46
163997.411778 46
163997.411791 46
163997.414254 46
163997.414267 46
163997.416713 47
163997.416722 47
163997.416736 47
163997.416744 47
163997.419137 47
163997.419150 47
163997.421534 47
163997.421548 47
163997.423962 47
163997.423975 47
163997.426415 47
163997.426429 47
163997.428739 47
163997.428751 47
163997.431169 47
163997.431181 47
163997.434729 47
163997.434741 47
163997.437166 47
163997.437178 47
163997.439581 47
163997.439594 47
163997.442004 47
163997.442016 47
163997.444419 47
163997.444432 47
163997.446877 47
163997.446889 47
163997.485616 47
163997.485628 47
163997.515934 47
163997.515947 47
163997.518318 47
163997.518328 47
163997.520759 47
163997.520769 47
163997.523209 47
163997.523220 47
163997.525618 47
163997.525628 47
163997.528126 47
163997.528140 47
163997.530442 47
163997.530452 47
163997.532929 47
163997.532940 47
163997.535289 47
163997.535299 47
163997.537765 47
163997.537778 47
163997.540264 47
163997.540275 47
163997.542632 47
163997.542643 47
163997.545042 47
163997.545053 47
163997.547465 47
163997.547476 47
163997.549866 47
163997.549878 47
163997.552266 47
163997.552277 47
163997.554751 47
163997.554763 47
163997.557140 47
163997.557152 47
163997.559577 47
163997.559589 47
163997.561981 47
163997.561992 47
163997.564401 47
163997.564413 47
163997.566822 47
163997.566834 47
163997.605518 47
163997.605529 47
163997.637038 47
163997.637050 47
163997.639437 47
163997.639448 47
163997.641872 47
163997.641889 47
163997.644302 47
163997.644313 47
163997.646770 47
163997.646789 47
163997.649211 47
163997.649224 47
163997.651587 47
163997.651599 47
163997.654140 47
163997.654157 47
163997.656428 47
163997.656441 47
163997.658992 47
163997.659006 47
163997.661342 47
163997.661353 47
163997.663779 48
163997.663789 48
163997.663803 48
163997.663812 48
163997.666233 48
163997.666247 48
163997.668568 48
163997.668582 48
163997.670987 48
163997.671026 48
163997.673517 48
163997.673531 48
163997.675890 48
163997.675903 48
163997.678342 48
163997.678355 48
163997.680765 48
163997.680778 48
163997.683190 48
163997.683210 48
163997.685601 48
163997.685615 48
163997.688027 48
163997.688041 48
163997.726710 48
163997.726724 48
163997.759427 48
163997.759440 48
163997.761885 48
163997.761899 48
163997.764283 48
163997.764296 48
163997.766683 48
163997.766696 48
163997.769172 48
163997.769185 48
163997.771511 48
163997.771526 48
163997.773984 48
163997.773998 48
163997.776354 48
163997.776368 48
163997.778804 48
163997.778818 48
163997.781286 48
163997.781300 48
163997.783688 48
163997.783701 48
163997.786133 48
163997.786148 48
163997.788550 48
163997.788565 48
163997.790989 48
163997.791004 48
163997.793416 48
163997.793431 48
163997.795722 48
163997.795736 48
163997.798274 48
163997.798292 48
163997.800662 48
163997.800675 48
163997.803085 48
163997.803099 48
163997.805512 48
163997.805526 48
163997.807920 48
163997.807935 48
163997.810290 48
163997.810303 48
163997.812784 48
163997.812797 48
163997.851454 48
163997.851468 48
163997.882987 48
163997.883001 48
163997.885304 48
163997.885316 48
163997.887824 48
163997.887838 48
163997.890230 48
163997.890244 48
163997.892664 48
163997.892679 48
163997.895027 48
163997.895040 48
163997.897506 48
163997.897519 48
163997.899991 48
163997.900005 48
163997.902349 48
163997.902363 48
163997.904817 48
163997.904832 48
163997.907240 48
163997.907254 48
163997.909670 48
163997.909684 48
163997.912122 48
163997.912135 48
163997.914465 49
163997.914475 49
163997.914489 49
163997.914498 49
163997.916962 49
163997.916975 49
163997.919356 49
163997.919370 49
163997.921765 49
163997.921779 49
163997.925350 49
163997.925364 49
163997.927753 49
163997.927766 49
163997.930179 49
163997.930192 49
163997.932607 49
163997.932621 49
163997.935028 49
163997.935041 49
163997.937465 49
163997.937479 49
163997.976211 49
163997.976236 49
163998.008964 49
163998.008978 49
163998.011316 49
163998.011328 49
163998.013775 49
163998.013789 49
163998.016201 49
163998.016224 49
163998.018628 49
163998.018642 49
163998.021029 49
163998.021044 49
163998.023445 49
163998.023457 49
163998.025931 49
163998.025945 49
163998.028299 49
163998.028312 49
163998.030741 49
163998.030754 49
163998.033154 49
163998.033166 49
163998.035587 49
163998.035600 49
163998.038070 49
163998.038084 49
163998.040477 49
163998.040491 49
163998.042896 49
163998.042909 49
163998.045249 49
163998.045261 49
163998.047716 49
163998.047730 49
163998.050135 49
163998.050146 49
163998.052576 49
163998.052589 49
163998.054979 49
163998.054991 49
163998.057416 49
163998.057443 49
163998.059848 49
163998.059863 49
163998.062289 49
163998.062305 49
163998.100925 49
163998.100936 49
163998.134814 49
163998.134824 49
163998.137196 49
163998.137206 49
163998.139627 49
163998.139638 49
163998.142146 49
163998.142162 49
163998.144487 49
163998.144496 49
163998.146975 49
163998.146986 49
163998.149375 49
163998.149403 49
163998.151811 49
163998.151825 49
163998.154206 49
163998.154219 49
163998.156706 49
163998.156720 49
163998.159185 49
163998.159200 49
163998.161502 49
163998.161516 49
163998.163999 49
163998.164014 49
163998.166396 49
163998.166411 49
163998.168813 49
163998.168828 49
163998.171234 50
163998.171244 50
163998.171259 50
163998.171280 50
163998.173722 50
163998.173737 50
163998.176139 50
163998.176160 50
163998.178556 50
163998.178570 50
163998.180979 50
163998.180994 50
163998.183429 50
163998.183444 50
163998.185825 50
163998.185840 50
163998.188276 50
163998.188292 50
163998.226840 50
163998.226850 50
163998.260739 50
163998.260749 50
163998.263175 50
163998.263186 50
163998.265634 50
163998.265646 50
163998.268120 50
163998.268132 50
163998.270500 50
163998.270513 50
163998.272925 50
163998.272938 50
163998.275349 50
163998.275362 50
163998.277771 50
163998.277783 50
163998.280251 50
163998.280264 50
163998.282682 50
163998.282695 50
163998.285118 50
163998.285131 50
163998.287498 50
163998.287512 50
163998.289971 50
163998.289983 50
163998.292429 50
163998.292441 50
163998.294816 50
163998.294828 50
163998.297189 50
163998.297202 50
163998.299610 50
163998.299621 50
163998.302074 50
163998.302109 50
163998.304443 50
163998.304453 50
163998.306884 50
163998.306896 50
163998.309303 50
163998.309316 50
163998.311773 50
163998.311787 50
163998.314166 50
163998.314181 50
163998.316571 50
163998.316585 50
163998.356435 50
163998.356445 50
163998.390335 50
163998.390345 50
163998.392784 50
163998.392794 50
163998.395182 50
163998.395192 50
163998.397695 50
163998.397707 50
163998.400130 50
163998.400142 50
163998.402516 50
163998.402528 50
163998.404975 50
163998.404987 50
163998.407388 50
163998.407401 50
163998.409846 50
163998.409860 50
163998.412292 50
163998.412306 50
163998.414678 50
163998.414690 50
163998.417176 50
163998.417190 50
163998.419498 50
163998.419510 50
163998.421996 50
163998.422008 50
163998.424446 50
163998.424459 50
163998.426793 50
163998.426805 50
163998.429198 50
163998.429208 50
163998.431629 51
163998.431637 51
163998.431648 51
163998.431655 51
163998.434078 51
163998.434110 51
163998.436461 51
163998.436471 51
163998.438909 51
163998.438920 51
163998.441290 51
163998.441301 51
163998.443757 51
163998.443768 51
163998.446158 51
163998.446170 51
163998.484841 51
163998.484851 51
163998.518793 51
163998.518804 51
163998.521168 51
163998.521178 51
163998.523639 51
163998.523650 51
163998.526108 51
163998.526119 51
163998.528493 51
163998.528504 51
163998.530862 51
163998.530871 51
163998.533258 51
163998.533267 51
163998.535709 51
163998.535719 51
163998.538164 51
163998.538175 51
163998.540582 51
163998.540592 51
163998.543071 51
163998.543081 51
163998.545518 51
163998.545533 51
163998.547908 51
163998.547919 51
163998.550282 51
163998.550293 51
163998.552736 51
163998.552748 51
163998.555179 51
163998.555189 51
163998.558714 51
163998.558723 51
163998.561142 51
163998.561151 51
163998.563575 51
163998.563584 51
163998.566029 51
163998.566039 51
163998.568411 51
163998.568420 51
163998.570848 51
163998.570860 51
163998.573259 51
163998.573271 51
163998.575701 51
163998.575713 51
163998.615658 51
163998.615668 51
163998.649557 51
163998.649567 51
163998.651997 51
163998.652035 51
163998.654396 51
163998.654406 51
163998.656875 51
163998.656889 51
163998.659247 51
163998.659270 51
163998.661729 51
163998.661741 51
163998.664156 51
163998.664170 51
163998.666561 51
163998.666573 51
163998.669008 51
163998.669023 51
163998.671437 51
163998.671452 51
163998.673910 51
163998.673922 51
163998.676316 51
163998.676331 51
163998.678734 51
163998.678746 51
163998.681119 51
163998.681130 51
163998.683625 51
163998.683636 51
163998.686014 51
163998.686023 51
163998.688340 51
163998.688351 51
163998.690782 51
163998.690795 51
163998.693243 51
163998.693255 51
163998.695695 52
163998.695704 52
163998.695718 52
163998.695727 52
163998.698118 52
163998.698131 52
163998.700523 52
163998.700537 52
163998.702965 52
163998.702979 52
163998.705355 52
163998.705369 52
163998.746165 52
163998.747685 52
163998.747696 52
163998.781616 52
163998.781626 52
163998.784145 52
163998.784157 52
163998.786437 52
163998.786448 52
163998.788997 52
163998.789030 52
163998.791336 52
163998.791349 52
163998.793820 52
163998.793834 52
163998.796257 52
163998.796270 52
163998.798624 52
163998.798637 52
163998.801124 52
163998.801139 52
163998.803472 52
163998.803484 52
163998.805933 52
163998.805947 52
163998.808301 52
163998.808313 52
163998.810806 52
163998.810819 52
163998.813239 52
163998.813252 52
163998.815631 52
163998.815644 52
163998.818060 52
163998.818075 52
163998.820506 52
163998.820541 52
163998.822902 52
163998.822915 52
163998.825326 52
163998.825338 52
163998.827756 52
163998.827770 52
163998.830202 52
163998.830223 52
163998.832602 52
163998.832616 52
163998.835040 52
163998.835056 52
163998.837471 52
163998.837487 52
163998.878175 52
163998.880879 52
163998.880889 52
163998.914919 52
163998.914932 52
163998.917243 52
163998.917253 52
163998.919729 52
163998.919742 52
163998.922194 52
163998.922207 52
163998.924603 52
163998.924616 52
163998.927065 52
163998.927078 52
163998.929447 52
163998.929461 52
163998.931894 52
163998.931907 52
163998.934203 52
163998.934215 52
163998.936741 52
163998.936756 52
163998.939217 52
163998.939232 52
163998.941591 52
163998.941606 52
163998.944059 52
163998.944074 52
163998.946454 52
163998.946467 52
163998.948880 52
163998.948894 52
163998.951294 52
163998.951308 52
163998.953587 52
163998.953598 52
163998.956050 52
163998.956062 52
163998.958510 52
163998.958521 52
163998.960914 52
163998.960925 52
163998.963324 53
163998.963334 53
163998.963346 53
163998.963354 53
163998.965773 53
163998.965784 53
163998.968170 53
163998.968181 53
163998.970607 53
163998.970619 53
163999.011106 53
163999.013038 53
163999.013049 53
163999.046850 53
163999.046859 53
163999.049225 53
163999.049234 53
163999.051699 53
163999.051710 53
163999.054180 53
163999.054194 53
163999.056545 53
163999.056556 53
163999.058991 53
163999.059014 53
163999.061394 53
163999.061405 53
163999.063847 53
163999.063861 53
163999.066193 53
163999.066203 53
163999.068743 53
163999.068756 53
163999.071133 53
163999.071146 53
163999.073548 53
163999.073562 53
163999.076058 53
163999.076071 53
163999.078468 53
163999.078479 53
163999.080842 53
163999.080853 53
163999.083355 53
163999.083369 53
163999.086870 53
163999.086881 53
163999.089198 53
163999.089207 53
163999.091672 53
163999.091682 53
163999.094123 53
163999.094135 53
163999.096498 53
163999.096509 53
163999.098951 53
163999.098962 53
163999.101365 53
163999.101376 53
163999.103788 53
163999.103799 53
163999.106206 53
163999.106217 53
163999.148601 53
163999.148612 53
163999.182471 53
163999.182481 53
163999.184934 53
163999.184946 53
163999.187317 53
163999.187327 53
163999.189768 53
163999.189780 53
163999.192224 53
163999.192234 53
163999.194609 53
163999.194620 53
163999.197056 53
163999.197067 53
163999.199508 53
163999.199522 53
163999.201902 53
163999.201914 53
163999.204380 53
163999.204392 53
163999.206848 53
163999.206861 53
163999.209268 53
163999.209280 53
163999.211704 53
163999.211718 53
163999.214108 53
163999.214121 53
163999.216541 53
163999.216555 53
163999.218971 53
163999.218984 53
163999.221324 53
163999.221335 53
163999.223729 53
163999.223741 53
163999.226153 53
163999.226163 53
163999.228599 53
163999.228609 53
163999.230986 53
163999.230997 53
163999.233446 53
163999.233457 53
163999.235876 54
163999.235884 54
163999.235895 54
163999.235902 54
163999.238266 54
163999.238280 54
163999.240768 54
163999.240780 54
163999.281187 54
163999.285490 54
163999.285505 54
163999.319361 54
163999.319374 54
163999.321809 54
163999.321820 54
163999.324198 54
163999.324210 54
163999.326634 54
163999.326646 54
163999.329105 54
163999.329117 54
163999.331487 54
163999.331498 54
163999.333905 54
163999.333916 54
163999.336305 54
163999.336316 54
163999.338769 54
163999.338780 54
163999.341167 54
163999.341178 54
163999.343582 54
163999.343593 54
163999.345998 54
163999.346034 54
163999.348419 54
163999.348429 54
163999.350848 54
163999.350859 54
163999.353262 54
163999.353272 54
163999.355727 54
163999.355738 54
163999.358156 54
163999.358165 54
163999.360525 54
163999.360535 54
163999.362952 54
163999.362962 54
163999.365362 54
163999.365373 54
163999.367793 54
163999.367803 54
163999.370201 54
163999.370211 54
163999.372632 54
163999.372641 54
163999.375077 54
163999.375087 54
163999.377489 54
163999.377498 54
163999.418135 54
163999.423512 54
163999.423520 54
163999.457430 54
163999.457442 54
163999.459841 54
163999.459853 54
163999.462262 54
163999.462273 54
163999.464697 54
163999.464709 54
163999.467141 54
163999.467152 54
163999.469544 54
163999.469555 54
163999.471992 54
163999.472029 54
163999.474375 54
163999.474386 54
163999.476835 54
163999.476845 54
163999.479223 54
163999.479234 54
163999.481650 54
163999.481661 54
163999.484088 54
163999.484123 54
163999.486481 54
163999.486490 54
163999.488907 54
163999.488916 54
163999.491331 54
163999.491341 54
163999.493754 54
163999.493764 54
163999.496225 54
163999.496233 54
163999.498600 54
163999.498610 54
163999.501036 54
163999.501046 54
163999.503442 54
163999.503452 54
163999.505864 54
163999.505874 54
163999.508278 54
163999.508287 54
163999.510707 54
163999.510717 54
163999.513119 55
163999.513126 55
163999.513139 55
163999.513163 55
163999.515547 55
163999.515556 55
163999.556182 55
163999.560419 55
163999.560429 55
163999.594324 55
163999.594353 55
163999.596742 55
163999.596751 55
163999.599174 55
163999.599183 55
163999.601589 55
163999.601599 55
163999.604024 55
163999.604034 55
163999.606425 55
163999.606435 55
163999.608847 55
163999.608857 55
163999.611271 55
163999.611293 55
163999.613751 55
163999.613761 55
163999.616186 55
163999.616218 55
163999.618654 55
163999.618669 55
163999.621060 55
163999.621070 55
163999.623455 55
163999.623470 55
163999.625910 55
163999.625919 55
163999.628345 55
163999.628359 55
163999.630755 55
163999.630769 55
163999.633146 55
163999.633156 55
163999.636739 55
163999.636749 55
163999.639177 55
163999.639193 55
163999.641600 55
163999.641609 55
163999.644016 55
163999.644025 55
163999.646429 55
163999.646461 55
163999.648866 55
163999.648876 55
163999.651285 55
163999.651308 55
163999.653710 55
163999.653719 55
163999.656141 55
163999.656166 55
163999.700960 55
163999.700969 55
163999.733629 55
163999.734869 55
163999.736050 54
163999.738460 53
163999.740857 52
163999.743324 51
163999.745772 50
163999.748210 49
163999.750615 48
163999.753017 47
163999.755491 46
163999.757906 45
163999.760325 44
163999.762761 43
163999.765171 42
163999.767596 41
163999.770025 40
163999.772442 39
163999.774857 38
163999.777292 37
163999.779712 36
163999.782147 35
163999.784541 34
163999.787021 33
163999.789448 32
163999.791828 31
163999.794157 30
163999.840230 29
163999.875360 27
163999.876573 27
163999.877798 28
163999.877807 28
163999.877820 28
163999.878965 28
163999.880197 28
163999.881316 28
163999.882642 28
163999.883804 28
163999.886105 28
163999.886241 28
163999.887446 28
163999.888666 28
163999.889980 28
163999.891100 28
163999.892308 28
163999.893512 28
163999.895965 28
163999.895979 28
163999.898306 28
163999.898320 28
163999.900784 28
163999.900798 28
163999.903204 28
163999.903218 28
163999.906297 28
163999.906323 28
163999.984287 28
163999.984296 28
163999.986830 28
163999.986844 28
163999.989185 28
163999.989197 28
163999.991667 28
163999.991681 28
163999.994142 28
163999.994154 28
163999.996494 28
163999.996506 28
163999.998865 28
163999.998875 28
164000.001238 28
164000.001249 28
164000.003703 28
164000.003714 28
164000.006134 28
164000.006150 28
164000.008566 29
164000.008574 29
164000.008584 29
164000.008591 29
164000.011115 29
164000.011125 29
164000.013516 29
164000.013526 29
164000.015913 29
164000.015923 29
164000.093279 29
164000.093289 29
164000.095725 29
164000.095735 29
164000.098183 29
164000.098197 29
164000.100655 29
164000.100667 29
164000.103074 29
164000.103088 29
164000.105482 29
164000.105493 29
164000.107848 29
164000.107858 29
164000.110248 29
164000.110258 29
164000.112762 29
164000.112772 29
164000.115208 29
164000.115224 29
164000.117596 29
164000.117607 29
164000.119991 29
164000.120026 29
164000.122473 29
164000.122484 29
164000.124873 29
164000.124885 29
164000.165126 29
164000.204809 29
164000.204820 29
164000.207231 29
164000.207243 29
164000.209658 29
164000.209669 29
164000.212139 29
164000.212150 29
164000.214534 29
164000.214546 29
164000.216993 29
164000.217007 29
164000.219296 29
164000.219308 29
164000.221711 29
164000.221723 29
164000.224186 29
164000.224199 29
164000.226574 29
164000.226586 29
164000.229094 29
164000.229131 29
164000.231389 30
164000.231398 30
164000.231409 30
164000.231417 30
164000.233901 30
164000.233911 30
164000.236246 30
164000.236256 30
164000.316124 30
164000.317411 30
164000.317421 30
164000.319934 30
164000.319946 30
164000.322214 30
164000.322224 30
164000.324716 30
164000.324728 30
164000.327239 30
164000.327251 30
164000.329593 30
164000.329605 30
164000.331974 30
164000.331985 30
164000.334355 30
164000.334366 30
164000.336771 30
164000.336781 30
164000.339204 30
164000.339214 30
164000.341676 30
164000.341686 30
164000.344119 30
164000.344131 30
164000.346548 30
164000.346559 30
164000.348969 30
164000.348979 30
164000.389187 30
164000.431221 30
164000.431231 30
164000.433696 30
164000.433707 30
164000.436127 30
164000.436145 30
164000.438529 30
164000.438540 30
164000.440968 30
164000.440980 30
164000.443409 30
164000.443421 30
164000.445765 30
164000.445776 30
164000.448218 30
164000.448229 30
164000.450671 30
164000.450681 30
164000.453150 30
164000.453160 30
164000.455469 30
164000.455479 30
164000.458050 30
164000.458063 30
164000.460369 31
164000.460377 31
164000.460387 31
164000.460394 31
164000.462799 31
164000.462809 31
164000.501526 31
164000.501536 31
164000.545089 31
164000.545132 31
164000.547500 31
164000.547510 31
164000.549988 31
164000.550004 31
164000.552398 31
164000.552410 31
164000.554809 31
164000.554820 31
164000.557263 31
164000.557273 31
164000.559601 31
164000.559611 31
164000.562039 31
164000.562049 31
164000.564477 31
164000.564487 31
164000.566989 31
164000.566998 31
164000.569307 31
164000.569316 31
164000.571869 31
164000.571883 31
164000.574282 31
164000.574300 31
164000.576613 31
164000.576624 31
164000.615308 31
164000.615317 31
164000.660158 31
164000.660193 31
164000.662577 31
164000.662589 31
164000.665036 31
164000.665047 31
164000.667394 31
164000.667403 31
164000.669861 31
164000.669872 31
164000.672293 31
164000.672304 31
164000.674697 31
164000.674728 31
164000.677131 31
164000.677144 31
164000.679540 31
164000.679550 31
164000.682065 31
164000.682080 31
164000.684403 31
164000.684414 31
164000.686886 31
164000.686910 31
164000.689276 31
164000.689290 31
164000.691748 31
164000.691762 31
164000.730403 32
164000.730411 32
164000.730420 32
164000.730427 32
164000.776392 32
164000.776400 32
164000.778851 32
164000.778861 32
164000.781231 32
164000.781240 32
164000.783702 32
164000.783714 32
164000.786138 32
164000.786150 32
164000.788571 32
164000.788582 32
164000.790969 32
164000.791002 32
164000.793400 32
164000.793411 32
164000.795824 32
164000.795836 32
164000.798262 32
164000.798278 32
164000.800707 32
164000.800737 32
164000.803139 32
164000.803148 32
164000.805572 32
164000.805581 32
164000.807980 32
164000.807992 32
164000.846663 32
164000.846672 32
164000.849097 32
164000.849107 32
164000.896327 32
164000.896337 32
164000.898814 32
164000.898828 32
164000.901169 32
164000.901178 32
164000.903649 32
164000.903664 32
164000.906069 32
164000.906078 32
164000.908464 32
164000.908475 32
164000.910851 32
164000.910861 32
164000.913337 32
164000.913348 32
164000.915750 32
164000.915762 32
164000.918203 32
164000.918215 32
164000.920620 32
164000.920632 32
164000.923069 32
164000.923082 32
164000.925445 32
164000.925456 32
164000.927856 32
164000.927867 32
164000.966582 32
164000.966594 32
164000.969065 32
164000.969077 32
164001.015088 33
164001.015096 33
164001.015121 33
164001.015128 33
164001.017473 33
164001.017482 33
164001.019927 33
164001.019941 33
164001.022302 33
164001.022312 33
164001.024828 33
164001.024841 33
164001.027235 33
164001.027247 33
164001.029572 33
164001.029583 33
164001.032067 33
164001.032087 33
164001.034398 33
164001.034409 33
164001.036888 33
164001.036898 33
164001.039281 33
164001.039292 33
164001.041730 33
164001.041740 33
164001.044188 33
164001.044198 33
164001.046613 33
164001.046624 33
164001.085277 33
164001.085287 33
164001.087723 33
164001.087733 33
164001.136192 33
164001.136204 33
164001.138627 33
164001.138638 33
164001.141159 33
164001.141178 33
164001.143426 33
164001.143436 33
164001.145979 33
164001.145991 33
164001.148353 33
164001.148364 33
164001.150730 33
164001.150741 33
164001.153183 33
164001.153193 33
164001.155583 33
164001.155594 33
164001.158061 33
164001.158070 33
164001.160379 33
164001.160388 33
164001.162848 33
164001.162857 33
164001.165298 33
164001.165307 33
164001.167765 33
164001.167776 33
164001.206405 33
164001.206415 33
164001.208839 33
164001.208849 33
164001.253146 33
164001.258513 33
164001.258523 33
164001.260977 34
164001.260986 34
164001.260995 34
164001.261027 34
164001.263322 34
164001.263332 34
164001.265896 34
164001.265909 34
164001.268288 34
164001.268302 34
164001.270682 34
164001.270694 34
164001.273141 34
164001.273152 34
164001.275441 34
164001.275452 34
164001.277917 34
164001.277927 34
164001.280292 34
164001.280302 34
164001.282779 34
164001.282789 34
164001.285202 34
164001.285212 34
164001.287617 34
164001.287627 34
164001.290098 34
164001.290113 34
164001.328778 34
164001.328790 34
164001.331197 34
164001.331208 34
164001.380842 34
164001.380854 34
164001.383202 34
164001.383211 34
164001.385706 34
164001.385717 34
164001.388170 34
164001.388181 34
164001.390563 34
164001.390577 34
164001.392910 34
164001.392919 34
164001.395444 34
164001.395456 34
164001.397823 34
164001.397833 34
164001.400204 34
164001.400215 34
164001.402632 34
164001.402642 34
164001.405134 34
164001.405146 34
164001.407540 34
164001.407550 34
164001.409953 34
164001.409963 34
164001.412409 34
164001.412419 34
164001.414831 34
164001.414842 34
164001.453502 34
164001.453512 34
164001.455907 34
164001.455917 34
164001.504410 34
164001.504425 34
164001.506842 34
164001.506854 34
164001.509270 34
164001.509284 34
164001.511692 35
164001.511701 35
164001.511713 35
164001.511720 35
164001.514130 35
164001.514140 35
164001.516555 35
164001.516569 35
164001.518980 35
164001.518992 35
164001.521405 35
164001.521420 35
164001.523847 35
164001.523861 35
164001.526301 35
164001.526314 35
164001.528733 35
164001.528762 35
164001.531074 35
164001.531107 35
164001.533527 35
164001.533538 35
164001.535935 35
164001.535947 35
164001.538355 35
164001.538367 35
164001.577071 35
164001.577084 35
164001.579478 35
164001.579489 35
164001.629139 35
164001.629150 35
164001.631570 35
164001.631580 35
164001.634026 35
164001.634036 35
164001.636383 35
164001.636395 35
164001.638850 35
164001.638863 35
164001.641216 35
164001.641228 35
164001.643673 35
164001.643685 35
164001.646111 35
164001.646123 35
164001.648516 35
164001.648528 35
164001.650964 35
164001.650977 35
164001.653359 35
164001.653371 35
164001.655879 35
164001.655893 35
164001.658185 35
164001.658197 35
164001.660653 35
164001.660663 35
164001.663114 35
164001.663134 35
164001.701809 35
164001.701821 35
164001.704215 35
164001.704231 35
164001.747114 35
164001.756265 35
164001.756279 35
164001.758758 35
164001.758771 35
164001.761220 35
164001.761234 35
164001.763612 35
164001.763623 35
164001.766096 36
164001.766105 36
164001.766126 36
164001.766135 36
164001.768468 36
164001.768481 36
164001.770957 36
164001.770972 36
164001.773310 36
164001.773325 36
164001.775707 36
164001.775720 36
164001.778199 36
164001.778212 36
164001.780579 36
164001.780592 36
164001.783091 36
164001.783103 36
164001.785437 36
164001.785451 36
164001.787892 36
164001.787905 36
164001.790321 36
164001.790338 36
164001.829093 36
164001.829104 36
164001.831386 36
164001.831397 36
164001.883461 36
164001.883471 36
164001.885908 36
164001.885919 36
164001.888288 36
164001.888297 36
164001.890788 36
164001.890799 36
164001.893188 36
164001.893199 36
164001.895702 36
164001.895716 36
164001.898162 36
164001.898174 36
164001.900519 36
164001.900533 36
164001.902952 36
164001.902988 36
164001.905313 36
164001.905324 36
164001.907789 36
164001.907801 36
164001.910243 36
164001.910256 36
164001.912653 36
164001.912684 36
164001.915046 36
164001.915058 36
164001.917483 36
164001.917495 36
164001.919936 36
164001.919951 36
164001.958588 36
164001.958601 36
164001.961009 36
164001.961022 36
164002.011908 36
164002.011922 36
164002.014324 36
164002.014336 36
164002.016735 36
164002.016747 36
164002.019163 36
164002.019176 36
164002.021580 36
164002.021592 36
164002.024005 36
164002.024018 36
164002.026416 37
164002.026426 37
164002.026438 37
164002.026447 37
164002.028819 37
164002.028832 37
164002.031262 37
164002.031275 37
164002.033758 37
164002.033772 37
164002.036168 37
164002.036179 37
164002.038637 37
164002.038650 37
164002.041064 37
164002.041079 37
164002.043437 37
164002.043452 37
164002.045905 37
164002.045920 37
164002.048296 37
164002.048309 37
164002.087086 37
164002.087099 37
164002.089436 37
164002.089457 37
164002.141500 37
164002.141513 37
164002.143934 37
164002.143945 37
164002.146319 37
164002.146331 37
164002.148749 37
164002.148762 37
164002.151191 37
164002.151207 37
164002.153624 37
164002.153636 37
164002.156044 37
164002.156056 37
164002.158454 37
164002.158465 37
164002.160945 37
164002.160957 37
164002.163396 37
164002.163409 37
164002.165865 37
164002.165879 37
164002.168250 37
164002.168267 37
164002.170594 37
164002.170604 37
164002.173098 37
164002.173113 37
164002.175515 37
164002.175529 37
164002.177916 37
164002.177929 37
164002.217864 37
164002.217888 37
164002.220296 37
164002.220308 37
164002.263231 37
164002.272337 37
164002.272350 37
164002.274775 37
164002.274790 37
164002.277199 37
164002.277212 37
164002.279612 37
164002.279626 37
164002.282008 37
164002.282022 37
164002.284441 37
164002.284455 37
164002.286888 37
164002.286902 37
164002.289283 38
164002.289298 38
164002.289315 38
164002.289330 38
164002.291738 38
164002.291752 38
164002.294252 38
164002.294267 38
164002.296643 38
164002.296658 38
164002.299068 38
164002.299083 38
164002.301456 38
164002.301469 38
164002.303886 38
164002.303900 38
164002.306294 38
164002.306311 38
164002.308709 38
164002.308722 38
164002.348604 38
164002.348617 38
164002.351045 38
164002.351057 38
164002.403157 38
164002.403169 38
164002.405542 38
164002.405552 38
164002.407944 38
164002.407953 38
164002.410354 38
164002.410364 38
164002.412781 38
164002.412792 38
164002.415274 38
164002.415286 38
164002.417647 38
164002.417657 38
164002.420072 38
164002.420083 38
164002.422490 38
164002.422501 38
164002.424937 38
164002.424948 38
164002.427314 38
164002.427325 38
164002.429744 38
164002.429755 38
164002.432197 38
164002.432232 38
164002.434625 38
164002.434635 38
164002.437095 38
164002.437107 38
164002.439482 38
164002.439495 38
164002.441949 38
164002.441960 38
164002.481847 38
164002.481859 38
164002.484230 38
164002.484240 38
164002.537516 38
164002.537528 38
164002.539972 38
164002.539982 38
164002.542378 38
164002.542391 38
164002.544795 38
164002.544806 38
164002.547205 38
164002.547215 38
164002.549638 38
164002.549649 38
164002.552071 38
164002.552081 38
164002.554514 38
164002.554525 38
164002.557011 38
164002.557024 38
164002.559339 39
164002.559347 39
164002.559357 39
164002.559364 39
164002.561839 39
164002.561849 39
164002.564220 39
164002.564231 39
164002.566650 39
164002.566660 39
164002.569144 39
164002.569158 39
164002.571438 39
164002.571450 39
164002.573928 39
164002.573939 39
164002.576259 39
164002.576268 39
164002.615079 39
164002.615095 39
164002.617447 39
164002.617457 39
164002.671987 39
164002.671997 39
164002.674366 39
164002.674375 39
164002.676862 39
164002.676877 39
164002.679270 39
164002.679280 39
164002.681686 39
164002.681697 39
164002.684146 39
164002.684160 39
164002.686525 39
164002.686536 39
164002.688974 39
164002.689017 39
164002.691331 39
164002.691342 39
164002.693876 39
164002.693889 39
164002.696193 39
164002.696202 39
164002.698679 39
164002.698689 39
164002.701116 39
164002.701125 39
164002.703523 39
164002.703533 39
164002.705869 39
164002.705879 39
164002.708347 39
164002.708356 39
164002.711934 39
164002.711943 39
164002.750691 39
164002.750700 39
164002.753181 39
164002.753191 39
164002.796097 39
164002.807611 39
164002.807621 39
164002.810057 39
164002.810067 39
164002.812439 39
164002.812448 39
164002.814886 39
164002.814895 39
164002.817313 39
164002.817322 39
164002.819729 39
164002.819738 39
164002.822116 39
164002.822123 39
164002.824553 39
164002.824560 39
164002.827085 39
164002.827098 39
164002.829487 39
164002.829501 39
164002.831868 40
164002.831877 40
164002.831889 40
164002.831898 40
164002.834293 40
164002.834304 40
164002.836716 40
164002.836727 40
164002.839110 40
164002.839121 40
164002.841546 40
164002.841558 40
164002.843992 40
164002.844023 40
164002.847610 40
164002.847621 40
164002.886353 40
164002.886364 40
164002.888759 40
164002.888770 40
164002.943232 40
164002.943239 40
164002.945700 40
164002.945709 40
164002.948138 40
164002.948147 40
164002.950528 40
164002.950536 40
164002.953015 40
164002.953024 40
164002.955373 40
164002.955381 40
164002.957813 40
164002.957822 40
164002.960241 40
164002.960251 40
164002.962651 40
164002.962659 40
164002.965105 40
164002.965114 40
164002.967521 40
164002.967547 40
164002.969960 40
164002.969969 40
164002.972322 40
164002.972331 40
164002.974800 40
164002.974809 40
164002.977195 40
164002.977204 40
164002.979646 40
164002.979654 40
164002.982056 40
164002.982064 40
164002.985687 40
164002.985696 40
164003.024385 40
164003.024395 40
164003.026818 40
164003.026829 40
164003.082545 40
164003.082555 40
164003.085051 40
164003.085064 40
164003.087391 40
164003.087401 40
164003.089860 40
164003.089873 40
164003.092313 40
164003.092327 40
164003.094742 40
164003.094755 40
164003.097177 40
164003.097191 40
164003.099574 40
164003.099587 40
164003.102090 40
164003.102102 40
164003.104458 40
164003.104472 40
164003.106863 40
164003.106875 40
164003.109213 40
164003.109224 40
164003.111706 41
164003.111715 41
164003.111725 41
164003.111733 41
164003.114158 41
164003.114177 41
164003.116560 41
164003.116572 41
164003.119028 41
164003.119040 41
164003.121434 41
164003.121444 41
164003.123870 41
164003.123883 41
164003.162557 41
164003.162573 41
164003.165069 41
164003.165084 41
164003.221894 41
164003.221907 41
164003.224253 41
164003.224263 41
164003.226841 41
164003.226854 41
164003.229162 41
164003.229172 41
164003.231552 41
164003.231562 41
164003.234059 41
164003.234071 41
164003.236438 41
164003.236450 41
164003.238850 41
164003.238863 41
164003.241300 41
164003.241325 41
164003.243781 41
164003.243795 41
164003.246217 41
164003.246229 41
164003.248632 41
164003.248645 41
164003.251070 41
164003.251084 41
164003.253447 41
164003.253460 41
164003.255811 41
164003.255823 41
164003.258332 41
164003.258348 41
164003.261915 41
164003.261929 41
164003.263134 41
164003.264283 41
164003.301828 40
164003.304215 39
164003.359956 38
164003.362299 37
164003.364855 36
164003.367162 35
164003.369626 34
164003.372111 33
164003.374429 32
164003.376960 31
164003.379305 30
164003.381810 29
164003.384249 28
164003.386579 27
164003.389037 26
164003.391440 25
164003.393848 24
164003.396280 23
164003.399929 22
164003.403554 20
164003.441115 20
164003.442252 21
164003.442258 21
164003.442266 21
164003.497975 21
164003.499186 21
164003.500417 21
164003.501633 21
164003.502827 21
164003.504144 21
164003.505249 21
164003.506504 21
164003.507683 21
164003.508970 21
164003.510111 21
164003.511319 21
164003.512524 21
164003.514939 21
164003.514949 21
164003.518598 21
164003.518609 21
164003.557349 21
164003.557361 21
164003.559873 21
164003.559884 21
164003.617895 21
164003.617906 21
164003.620314 21
164003.620325 21
164003.622722 21
164003.622732 21
164003.625151 21
164003.625161 21
164003.627590 22
164003.627599 22
164003.627609 22
164003.627617 22
164003.630023 22
164003.630037 22
164003.632499 22
164003.632509 22
164003.634837 22
164003.634846 22
164003.673618 22
164003.673627 22
164003.676092 22
164003.676100 22
164003.719167 22
164003.736585 22
164003.736593 22
164003.739102 22
164003.739112 22
164003.741461 22
164003.741470 22
164003.743925 22
164003.743935 22
164003.746279 22
164003.746287 22
164003.748728 22
164003.748738 22
164003.751213 22
164003.751222 22
164003.753566 22
164003.753575 22
164003.792288 22
164003.792297 22
164003.794726 22
164003.794737 22
164003.837131 22
164003.856486 22
164003.856494 22
164003.858936 22
164003.858944 22
164003.861308 22
164003.861317 22
164003.863741 22
164003.863749 22
164003.866144 22
164003.866153 22
164003.868574 23
164003.868579 23
164003.868588 23
164003.868593 23
164003.870996 23
164003.871023 23
164003.873425 23
164003.873433 23
164003.912165 23
164003.912172 23
164003.914600 23
164003.914606 23
164003.955846 23
164003.955857 23
164003.978798 23
164003.978806 23
164003.981212 23
164003.981220 23
164003.983638 23
164003.983648 23
164003.986074 23
164003.986082 23
164003.988484 23
164003.988492 23
164003.990914 23
164003.990923 23
164003.993338 23
164003.993347 23
164003.995762 23
164003.995769 23
164004.034580 23
164004.034594 23
164004.037030 23
164004.037037 23
164004.078147 23
164004.078154 23
164004.099996 23
164004.100022 23
164004.102380 23
164004.102392 23
164004.104767 23
164004.104775 23
164004.107225 23
164004.107233 23
164004.109635 23
164004.109643 23
164004.112135 23
164004.112147 23
164004.114505 23
164004.114518 23
164004.116972 24
164004.116981 24
164004.116993 24
164004.117029 24
164004.155656 24
164004.155666 24
164004.158175 24
164004.158186 24
164004.199276 24
164004.199289 24
164004.221172 24
164004.221197 24
164004.223527 24
164004.223538 24
164004.225985 24
164004.225994 24
164004.228354 24
164004.228366 24
164004.230791 24
164004.230804 24
164004.233168 24
164004.233177 24
164004.235624 24
164004.235636 24
164004.238131 24
164004.238142 24
164004.240502 24
164004.240514 24
164004.280429 24
164004.280438 24
164004.282905 24
164004.282913 24
164004.324122 24
164004.324134 24
164004.345917 24
164004.345929 24
164004.348269 24
164004.348281 24
164004.350701 24
164004.350712 24
164004.353188 24
164004.353199 24
164004.355544 24
164004.355555 24
164004.357943 24
164004.357954 24
164004.360366 24
164004.360377 24
164004.362883 24
164004.362896 24
164004.365231 24
164004.365245 24
164004.406388 25
164004.406396 25
164004.406406 25
164004.406414 25
164004.408861 25
164004.408871 25
164004.450055 25
164004.450064 25
164004.471930 25
164004.471944 25
164004.474211 25
164004.474221 25
164004.476668 25
164004.476677 25
164004.479120 25
164004.479130 25
164004.481495 25
164004.481504 25
164004.483993 25
164004.484023 25
164004.486333 25
164004.486342 25
164004.488787 25
164004.488796 25
164004.491192 25
164004.491201 25
164004.533540 25
164004.533549 25
164004.535983 25
164004.535992 25
164004.577163 25
164004.578358 25
164004.578367 25
164004.600164 25
164004.600197 25
164004.602600 25
164004.602610 25
164004.605034 25
164004.605066 25
164004.607429 25
164004.607439 25
164004.609872 25
164004.609881 25
164004.612257 25
164004.612266 25
164004.614690 25
164004.614699 25
164004.617129 25
164004.617138 25
164004.619582 25
164004.619591 25
164004.660694 25
164004.660703 25
164004.663137 26
164004.663143 26
164004.663157 26
164004.663163 26
164004.704306 26
164004.704313 26
164004.726161 26
164004.726169 26
164004.728568 26
164004.728576 26
164004.730962 26
164004.730970 26
164004.733407 26
164004.733416 26
164004.735879 26
164004.735887 26
