163994.504529 0
163994.504614 0
163994.709438 0
163994.709458 1
163994.709469 2
163994.709480 3
163994.709489 4
163994.709499 5
163994.709509 6
163994.709518 7
163994.709527 8
163994.709539 9
163994.811276 9
163994.811310 9
163994.811327 10
163994.812523 10
163994.812531 10
163994.812541 11
163994.813750 11
163994.813758 11
163994.813768 12
163994.814881 12
163994.814888 12
163994.814898 13
163994.816129 13
163994.816137 13
163994.816147 14
163994.817321 14
163994.817364 14
163994.817398 15
163994.818553 15
163994.818561 15
163994.818570 16
163994.819754 16
163994.819761 16
163994.819770 17
163994.820952 17
163994.820959 17
163994.820969 18
163994.822211 18
163994.822248 18
163994.822257 19
163994.926400 19
163994.926415 19
163994.926438 20
163994.927589 20
163994.927606 20
163994.927626 21
163994.928868 21
163994.928877 21
163994.928890 22
163994.930050 22
163994.930067 22
163994.930092 23
163994.931237 23
163994.931253 23
163994.931269 24
163994.932447 24
163994.932456 24
163994.932467 25
163994.933656 25
163994.933665 25
163994.933675 26
163994.934814 26
163994.934822 26
163994.934833 27
163994.936101 27
163994.936109 27
163994.936120 28
163994.937298 28
163994.937307 28
163994.937321 29
163994.938496 29
163994.938505 29
163994.938516 30
163994.939705 30
163994.939714 30
163994.939743 31
163994.940962 31
163994.941057 31
163994.941111 32
163994.942174 32
163994.942189 32
163994.942206 33
163994.943329 33
163994.943337 33
163994.943359 34
163994.944557 34
163994.944566 34
163994.944578 35
163994.945802 35
163994.945810 35
163994.945821 36
163994.946970 36
163994.946978 36
163994.946989 37
163994.948186 37
163994.948201 37
163994.948217 38
163994.949408 38
163994.949422 38
163994.949433 39
163995.052314 39
163995.052320 39
163995.052328 40
163995.053481 40
163995.053486 40
163995.053493 41
163995.054746 41
163995.054751 41
163995.054758 42
163995.055903 42
163995.055908 42
163995.055915 43
163995.057181 43
163995.057187 43
163995.057194 44
163995.058342 44
163995.058347 44
163995.058354 45
163995.059557 45
163995.059562 45
163995.059569 46
163995.060750 46
163995.060755 46
163995.060762 47
163995.062024 47
163995.062029 47
163995.062036 48
163995.063233 48
163995.063238 48
163995.063283 49
163995.064395 49
163995.064401 49
163995.064408 50
163995.065578 50
163995.065583 50
163995.065590 51
163995.066886 51
163995.066891 51
163995.066899 52
163995.068041 52
163995.068046 52
163995.068053 53
163995.069257 53
163995.069262 53
163995.069269 54
163995.070440 54
163995.070445 54
163995.070452 55
163995.071716 55
163995.071722 55
163995.071729 56
163995.072872 56
163995.072877 56
163995.072883 57
163995.074071 57
163995.074077 57
163995.074105 58
163995.075261 58
163995.075265 58
163995.075271 59
163995.076493 59
163995.076498 59
163995.076504 60
163995.077706 60
163995.077711 60
163995.077717 61
163995.078914 61
163995.078919 61
163995.078925 62
163995.080090 62
163995.080095 62
163995.080119 63
163995.081334 63
163995.081339 63
163995.081345 64
163995.082543 64
163995.083800 63
163995.086154 60
163995.088580 57
163995.191647 54
163995.194117 52
163995.196467 50
163995.198957 47
163995.201316 44
163995.203752 41
163995.206178 38
163995.208624 35
163995.212178 30
163995.212188 31
163995.213372 30
163995.213397 31
163995.214614 30
163995.214624 31
163995.215851 30
163995.215861 31
163995.217128 30
163995.217146 31
163995.218239 30
163995.218248 31
163995.219465 30
163995.219480 31
163995.220727 30
163995.220737 31
163995.221887 30
163995.221897 31
163995.223113 30
163995.223147 31
163995.224313 31
163995.225563 31
163995.226844 31
163995.281228 31
163995.282511 31
163995.283906 31
163995.284914 31
163995.286173 31
163995.287337 31
163995.288562 31
163995.289685 31
163995.290971 31
163995.292237 31
163995.293412 31
163995.294601 31
163995.295809 31
163995.297041 31
163995.298238 31
163995.299382 31
163995.300576 31
163995.301887 31
163995.303060 31
163995.304207 31
163995.305504 31
163995.306694 31
163995.307905 31
163995.309190 31
163995.310283 31
163995.311588 31
163995.312734 31
163995.314022 31
163995.315133 31
163995.316367 30
163995.316389 31
163995.317614 31
163995.372149 31
163995.373254 31
163995.374513 31
163995.375745 31
163995.376957 31
163995.378192 31
163995.379333 31
163995.380686 31
163995.381796 31
163995.383116 31
163995.384192 31
163995.385470 31
163995.386711 31
163995.387946 31
163995.389090 31
163995.390307 31
163995.391451 31
163995.392721 31
163995.393944 31
163995.395131 31
163995.396312 31
163995.397525 31
163995.398801 31
163995.399984 31
163995.401262 31
163995.402344 31
163995.403612 31
163995.404826 31
163995.405995 31
163995.407222 31
163995.408407 31
163995.408416 31
163995.408428 32
163995.409632 32
163995.464126 32
163995.465350 32
163995.466544 32
163995.467830 32
163995.469013 32
163995.470179 32
163995.471378 32
163995.472673 32
163995.473897 32
163995.475180 32
163995.476309 32
163995.477519 32
163995.478709 32
163995.479992 32
163995.481124 32
163995.482369 32
163995.483552 32
163995.484745 32
163995.485952 32
163995.487137 32
163995.488360 32
163995.489587 32
163995.490763 32
163995.492023 32
163995.493226 32
163995.494424 32
163995.495628 32
163995.496843 32
163995.498046 32
163995.499272 32
163995.500460 32
163995.501765 32
163995.502902 32
163995.502911 32
163995.502922 33
163995.558631 33
163995.559823 33
163995.561173 33
163995.562296 33
163995.563494 33
163995.564707 33
163995.565976 33
163995.567156 33
163995.568355 33
163995.569571 33
163995.570793 33
163995.571961 33
163995.573293 33
163995.574389 33
163995.575618 33
163995.576822 33
163995.578095 33
163995.579265 33
163995.580426 33
163995.581630 33
163995.582862 33
163995.584068 33
163995.585251 33
163995.586462 33
163995.587680 33
163995.588925 33
163995.590116 33
163995.591313 33
163995.592558 33
163995.593738 33
163995.594975 33
163995.596159 33
163995.597321 33
163995.598572 33
163995.653077 33
163995.653085 33
163995.653096 34
163995.654268 34
163995.655492 34
163995.656737 34
163995.657903 34
163995.659212 34
163995.660353 34
163995.661598 34
163995.662797 34
163995.664070 34
163995.665196 34
163995.666446 34
163995.667643 34
163995.668915 34
163995.670077 34
163995.671316 34
163995.672476 34
163995.673695 34
163995.674901 34
163995.676100 34
163995.677266 34
163995.678501 34
163995.679716 34
163995.680972 34
163995.682202 34
163995.683356 34
163995.684573 34
163995.685797 34
163995.687012 34
163995.688210 34
163995.689443 34
163995.690637 34
163995.693063 34
163995.694239 34
163995.750027 34
163995.751307 34
163995.752445 34
163995.752453 34
163995.752465 35
163995.753654 35
163995.754874 35
163995.756099 35
163995.757317 35
163995.758496 35
163995.759703 35
163995.760976 35
163995.762161 35
163995.763366 35
163995.764526 35
163995.765785 35
163995.766982 35
163995.768263 35
163995.769421 35
163995.770651 35
163995.771848 35
163995.773031 35
163995.774243 35
163995.775453 35
163995.776679 35
163995.777878 35
163995.779089 35
163995.780303 35
163995.781535 35
163995.782731 35
163995.783951 35
163995.785146 35
163995.786368 35
163995.787560 35
163995.788778 35
163995.790004 35
163995.791244 35
163995.848125 35
163995.849397 35
163995.850548 35
163995.851770 35
163995.852977 35
163995.853007 35
163995.853029 36
163995.854299 36
163995.855382 36
163995.856564 36
163995.857829 36
163995.859096 36
163995.860220 36
163995.861461 36
163995.862631 36
163995.863933 36
163995.865106 36
163995.866292 36
163995.867520 36
163995.868799 36
163995.869985 36
163995.871192 36
163995.872403 36
163995.873599 36
163995.874748 36
163995.876001 36
163995.877247 36
163995.878407 36
163995.879636 36
163995.880856 36
163995.882075 36
163995.883246 36
163995.884459 36
163995.885677 36
163995.886878 36
163995.888108 36
163995.889311 36
163995.890510 36
163995.948641 36
163995.949798 36
163995.951172 36
163995.952285 36
163995.953530 36
163995.954700 36
163995.955939 36
163995.955949 36
163995.955963 37
163995.957162 37
163995.958360 37
163995.959540 37
163995.960791 37
163995.961997 37
163995.963299 37
163995.964431 37
163995.965664 37
163995.966840 37
163995.968122 37
163995.969239 37
163995.970491 37
163995.971721 37
163995.972933 37
163995.974109 37
163995.975362 37
163995.976571 37
163995.977787 37
163995.978978 37
163995.980181 37
163995.981434 37
163995.982596 37
163995.983759 37
163995.985007 37
163995.986234 37
163995.987370 37
163995.988630 37
163995.989824 37
163995.991103 37
163995.992329 37
163996.049145 37
163996.050352 37
163996.051545 37
163996.052809 37
163996.053941 37
163996.055205 37
163996.056439 37
163996.057711 37
163996.058831 37
163996.058840 37
163996.058852 38
163996.060192 38
163996.061298 38
163996.062523 38
163996.063722 38
163996.065003 38
163996.066170 38
163996.067304 38
163996.068582 38
163996.069810 38
163996.071017 38
163996.072245 38
163996.073451 38
163996.074528 38
163996.075854 38
163996.077086 38
163996.078225 38
163996.079436 38
163996.080645 38
163996.081908 38
163996.083132 38
163996.084287 38
163996.085468 38
163996.086650 38
163996.087923 38
163996.090316 38
163996.091544 38
163996.092757 38
163996.093954 38
163996.095196 38
163996.153268 38
163996.154523 38
163996.155727 38
163996.157030 38
163996.158191 38
163996.159360 38
163996.160542 38
163996.161833 38
163996.163021 38
163996.164216 38
163996.165447 38
163996.165460 38
163996.165496 39
163996.166653 39
163996.167882 39
163996.169167 39
163996.170291 39
163996.171510 39
163996.172699 39
163996.173954 39
163996.175165 39
163996.176325 39
163996.177568 39
163996.178742 39
163996.179993 39
163996.181208 39
163996.182392 39
163996.183584 39
163996.184840 39
163996.186048 39
163996.187179 39
163996.188421 39
163996.189690 39
163996.190841 39
163996.192126 39
163996.193293 39
163996.194468 39
163996.195690 39
163996.196942 39
163996.198142 39
163996.199366 39
163996.258672 39
163996.259903 39
163996.261061 39
163996.262275 39
163996.263623 39
163996.264730 39
163996.265964 39
163996.267269 39
163996.268341 39
163996.269643 39
163996.270834 39
163996.272095 39
163996.273259 39
163996.273268 39
163996.273281 40
163996.274377 40
163996.275673 40
163996.276931 40
163996.278107 40
163996.279322 40
163996.280563 40
163996.281757 40
163996.282954 40
163996.284195 40
163996.285314 40
163996.286614 40
163996.287798 40
163996.288991 40
163996.290214 40
163996.291429 40
163996.292625 40
163996.293869 40
163996.295033 40
163996.296276 40
163996.297500 40
163996.298738 40
163996.299886 40
163996.301116 40
163996.302340 40
163996.303531 40
163996.304698 40
163996.305932 40
163996.366491 40
163996.367700 40
163996.368976 40
163996.370135 40
163996.371336 40
163996.372550 40
163996.373756 40
163996.374967 40
163996.376265 40
163996.377398 40
163996.378641 40
163996.379811 40
163996.380976 40
163996.382165 40
163996.383385 40
163996.383392 40
163996.383402 41
163996.384593 41
163996.385816 41
163996.387083 41
163996.388258 41
163996.389486 41
163996.390720 41
163996.391941 41
163996.393152 41
163996.394377 41
163996.395592 41
163996.396759 41
163996.397971 41
163996.399199 41
163996.400403 41
163996.401578 41
163996.402773 41
163996.404013 41
163996.405231 41
163996.406422 41
163996.407645 41
163996.408892 41
163996.410101 41
163996.411288 41
163996.412498 41
163996.413723 41
163996.414922 41
163996.474272 41
163996.475509 41
163996.476683 41
163996.478024 41
163996.479184 41
163996.480371 41
163996.481583 41
163996.482834 41
163996.484025 41
163996.485275 41
163996.486459 41
163996.487654 41
163996.488858 41
163996.490122 41
163996.491210 41
163996.492458 41
163996.493682 41
163996.493691 41
163996.493722 42
163996.494892 42
163996.496084 42
163996.497335 42
163996.498539 42
163996.499756 42
163996.501000 42
163996.502207 42
163996.503417 42
163996.504648 42
163996.505842 42
163996.508202 41
163996.508215 42
163996.510602 41
163996.510615 42
163996.513050 41
163996.513082 42
163996.516682 41
163996.516694 42
163996.519138 41
163996.519156 42
163996.521516 41
163996.521527 42
163996.523973 41
163996.523984 42
163996.565144 42
163996.587013 41
163996.587026 42
163996.589324 41
163996.589335 42
163996.591752 41
163996.591763 42
163996.594256 41
163996.594269 42
163996.596665 41
163996.596676 42
163996.599158 41
163996.599171 42
163996.601469 41
163996.601480 42
163996.603961 41
163996.603975 42
163996.606297 41
163996.606309 42
163996.608763 41
163996.608774 42
163996.611234 41
163996.611247 42
163996.613698 41
163996.613711 42
163996.616099 41
163996.616112 42
163996.618477 41
163996.618490 42
163996.620896 41
163996.620907 42
163996.623251 41
163996.623262 42
163996.625769 41
163996.625780 42
163996.628126 41
163996.628138 42
163996.630559 41
163996.630570 42
163996.632998 41
163996.633033 42
163996.635425 41
163996.635437 42
163996.698348 41
163996.698362 42
163996.700818 41
163996.700831 42
163996.703265 41
163996.703279 42
163996.705635 41
163996.705647 42
163996.708100 41
163996.708110 41
163996.708122 42
163996.708130 43
163996.710509 42
163996.710522 43
163996.713017 42
163996.713030 43
163996.715310 42
163996.715322 43
163996.717738 42
163996.717750 43
163996.720282 42
163996.720295 43
163996.722673 42
163996.722687 43
163996.725158 42
163996.725171 43
163996.727540 42
163996.727554 43
163996.729977 42
163996.729990 43
163996.732295 42
163996.732309 43
163996.734740 42
163996.734752 43
163996.737180 42
163996.737192 43
163996.739634 42
163996.739647 43
163996.742011 42
163996.742024 43
163996.744456 42
163996.744469 43
163996.746841 42
163996.746853 43
163996.787113 43
163996.812221 42
163996.812238 43
163996.814643 42
163996.814655 43
163996.817126 42
163996.817140 43
163996.819470 42
163996.819482 43
163996.821960 42
163996.821974 43
163996.824363 42
163996.824377 43
163996.826761 42
163996.826772 43
163996.829166 42
163996.829194 43
163996.831628 42
163996.831640 43
163996.834026 42
163996.834039 43
163996.836464 42
163996.836477 43
163996.838935 42
163996.838948 43
163996.841361 42
163996.841374 43
163996.843776 42
163996.843790 43
163996.846153 42
163996.846172 43
163996.848602 42
163996.848616 43
163996.851034 42
163996.851046 43
163996.853487 42
163996.853502 43
163996.855895 42
163996.855908 43
163996.858340 42
163996.858354 43
163996.860743 42
163996.860757 43
163996.899358 42
163996.899368 43
163996.926121 42
163996.926152 43
163996.928472 42
163996.928482 43
163996.930925 42
163996.930937 43
163996.933355 42
163996.933367 43
163996.935813 42
163996.935825 43
163996.938230 42
163996.938238 42
163996.938250 43
163996.938257 44
163996.940650 43
163996.940663 44
163996.943113 43
163996.943129 44
163996.945473 43
163996.945485 44
163996.948076 43
163996.948088 44
163996.950358 43
163996.950370 44
163996.952760 43
163996.952772 44
163996.955247 43
163996.955259 44
163996.957559 43
163996.957569 44
163996.960124 43
163996.960139 44
163996.962413 43
163996.962434 44
163996.966056 43
163996.966068 44
163996.968478 43
163996.968496 44
163996.970892 43
163996.970921 44
163996.973318 43
163996.973337 44
163996.975731 43
163996.975742 44
163997.014430 43
163997.014440 44
163997.042293 43
163997.042304 44
163997.044811 43
163997.044825 44
163997.047182 43
163997.047193 44
163997.049690 43
163997.049704 44
163997.052124 43
163997.052137 44
163997.054505 43
163997.054518 44
163997.056994 43
163997.057007 44
163997.059351 43
163997.059383 44
163997.061785 43
163997.061799 44
163997.064238 43
163997.064251 44
163997.066668 43
163997.066681 44
163997.069087 43
163997.069101 44
163997.071524 43
163997.071538 44
163997.073826 43
163997.073838 44
163997.076295 43
163997.076308 44
163997.078687 43
163997.078698 44
163997.081128 43
163997.081141 44
163997.083562 43
163997.083573 44
163997.085983 43
163997.085994 44
163997.088404 43
163997.088416 44
163997.090835 43
163997.090847 44
163997.129517 43
163997.129527 44
163997.158579 43
163997.158589 44
163997.161024 43
163997.161034 44
163997.163442 43
163997.163452 44
163997.165877 43
163997.165887 44
163997.168289 43
163997.168300 44
163997.170708 43
163997.170718 44
163997.173178 43
163997.173189 44
163997.175548 43
163997.175555 43
163997.175565 44
163997.175571 45
163997.177977 44
163997.177987 45
163997.180402 44
163997.180411 45
163997.182831 44
163997.182841 45
163997.185252 44
163997.185261 45
163997.187721 44
163997.187731 45
163997.190117 44
163997.190139 45
163997.192541 44
163997.192552 45
163997.194983 44
163997.194993 45
163997.197429 44
163997.197455 45
163997.199848 44
163997.199858 45
163997.202275 44
163997.202285 45
163997.204657 44
163997.204667 45
163997.207100 44
163997.207124 45
163997.245750 44
163997.245759 45
163997.276116 44
163997.276124 45
163997.278512 44
163997.278520 45
163997.280911 44
163997.280919 45
163997.283349 44
163997.283357 45
163997.285808 44
163997.285816 45
163997.288213 44
163997.288221 45
163997.290611 44
163997.290619 45
163997.293031 44
163997.293039 45
163997.295453 44
163997.295461 45
163997.297852 44
163997.297859 45
163997.300325 44
163997.300333 45
163997.302745 44
163997.302753 45
163997.305171 44
163997.305179 45
163997.307585 44
163997.307593 45
163997.309996 44
163997.310004 45
163997.312428 44
163997.312437 45
163997.314863 44
163997.314875 45
163997.317214 44
163997.317222 45
163997.319659 44
163997.319667 45
163997.322149 44
163997.322162 45
163997.324577 44
163997.324589 45
163997.326999 44
163997.327030 45
163997.365701 44
163997.365712 45
163997.394782 44
163997.394793 45
163997.397218 44
163997.397229 45
163997.399695 44
163997.399707 45
163997.402166 44
163997.402178 45
163997.404501 44
163997.404513 45
163997.407008 44
163997.407020 45
163997.409330 44
163997.409341 45
163997.411783 44
163997.411795 45
163997.414258 44
163997.414271 45
163997.416717 44
163997.416726 44
163997.416740 45
163997.416748 46
163997.419141 45
163997.419153 46
163997.421538 45
163997.421552 46
163997.423966 45
163997.423979 46
163997.426419 45
163997.426433 46
163997.428742 45
163997.428755 46
163997.431173 45
163997.431185 46
163997.434733 45
163997.434745 46
163997.437169 45
163997.437182 46
163997.439585 45
163997.439598 46
163997.442007 45
163997.442020 46
163997.444423 45
163997.444436 46
163997.446881 45
163997.446893 46
163997.485620 45
163997.485632 46
163997.515938 45
163997.515951 46
163997.518322 45
163997.518332 46
163997.520763 45
163997.520773 46
163997.523213 45
163997.523223 46
163997.525622 45
163997.525632 46
163997.528131 45
163997.528144 46
163997.530445 45
163997.530456 46
163997.532932 45
163997.532943 46
163997.535292 45
163997.535302 46
163997.537769 45
163997.537782 46
163997.540267 45
163997.540278 46
163997.542635 45
163997.542647 46
163997.545045 45
163997.545056 46
163997.547468 45
163997.547479 46
163997.549869 45
163997.549881 46
163997.552269 45
163997.552281 46
163997.554755 45
163997.554766 46
163997.557144 45
163997.557155 46
163997.559581 45
163997.559592 46
163997.561984 45
163997.561995 46
163997.564405 45
163997.564416 46
163997.566826 45
163997.566837 46
163997.605522 45
163997.605533 46
163997.637041 45
163997.637070 46
163997.639441 45
163997.639451 46
163997.641877 45
163997.641912 46
163997.644306 45
163997.644317 46
163997.646780 45
163997.646793 46
163997.649215 45
163997.649229 46
163997.651591 45
163997.651603 46
163997.654148 45
163997.654161 46
163997.656432 45
163997.656444 46
163997.658996 45
163997.659010 46
163997.661346 45
163997.661356 46
163997.663784 45
163997.663793 45
163997.663807 46
163997.663830 47
163997.666237 46
163997.666251 47
163997.668572 46
163997.668586 47
163997.670991 46
163997.671030 47
163997.673521 46
163997.673534 47
163997.675894 46
163997.675907 47
163997.678346 46
163997.678363 47
163997.680769 46
163997.680782 47
163997.683198 46
163997.683227 47
163997.685605 46
163997.685633 47
163997.688031 46
163997.688059 47
163997.726714 46
163997.726728 47
163997.759431 46
163997.759444 47
163997.761889 46
163997.761902 47
163997.764287 46
163997.764300 47
163997.766687 46
163997.766700 47
163997.769176 46
163997.769189 47
163997.771516 46
163997.771530 47
163997.773988 46
163997.774002 47
163997.776358 46
163997.776372 47
163997.778809 46
163997.778822 47
163997.781290 46
163997.781304 47
163997.783692 46
163997.783705 47
163997.786137 46
163997.786152 47
163997.788555 46
163997.788569 47
163997.790994 46
163997.791008 47
163997.793420 46
163997.793435 47
163997.795727 46
163997.795740 47
163997.798282 46
163997.798304 47
163997.800666 46
163997.800678 47
163997.803089 46
163997.803118 47
163997.805516 46
163997.805545 47
163997.807925 46
163997.807954 47
163997.810294 46
163997.810306 47
163997.812788 46
163997.812801 47
163997.851458 46
163997.851488 47
163997.882992 46
163997.883005 47
163997.885308 46
163997.885320 47
163997.887828 46
163997.887842 47
163997.890235 46
163997.890248 47
163997.892669 46
163997.892683 47
163997.895031 46
163997.895044 47
163997.897510 46
163997.897523 47
163997.899995 46
163997.900009 47
163997.902353 46
163997.902367 47
163997.904822 46
163997.904836 47
163997.907244 46
163997.907257 47
163997.909675 46
163997.909688 47
163997.912126 46
163997.912139 47
163997.914469 46
163997.914479 46
163997.914493 47
163997.914514 48
163997.916966 47
163997.916979 48
163997.919361 47
163997.919374 48
163997.921769 47
163997.921783 48
163997.925354 47
163997.925376 48
163997.927757 47
163997.927786 48
163997.930183 47
163997.930195 48
163997.932611 47
163997.932636 48
163997.935032 47
163997.935045 48
163997.937469 47
163997.937483 48
163997.976226 47
163997.976244 48
163998.008969 47
163998.008982 48
163998.011320 47
163998.011332 48
163998.013780 47
163998.013793 48
163998.016215 47
163998.016233 48
163998.018632 47
163998.018647 48
163998.021033 47
163998.021048 48
163998.023449 47
163998.023461 48
163998.025935 47
163998.025949 48
163998.028303 47
163998.028316 48
163998.030745 47
163998.030758 48
163998.033158 47
163998.033170 48
163998.035591 47
163998.035604 48
163998.038075 47
163998.038088 48
163998.040481 47
163998.040494 48
163998.042900 47
163998.042913 48
163998.045253 47
163998.045265 48
163998.047720 47
163998.047734 48
163998.050139 47
163998.050150 48
163998.052580 47
163998.052593 48
163998.054983 47
163998.054995 48
163998.057432 47
163998.057446 48
163998.059853 47
163998.059867 48
163998.062293 47
163998.062314 48
163998.100929 47
163998.100939 48
163998.134817 47
163998.134827 48
163998.137200 47
163998.137209 48
163998.139631 47
163998.139641 48
163998.142154 47
163998.142165 48
163998.144490 47
163998.144500 48
163998.146979 47
163998.146990 48
163998.149393 47
163998.149406 48
163998.151815 47
163998.151829 48
163998.154210 47
163998.154223 48
163998.156711 47
163998.156725 48
163998.159190 47
163998.159208 48
163998.161506 47
163998.161521 48
163998.164004 47
163998.164018 48
163998.166401 47
163998.166416 48
163998.168818 47
163998.168832 48
163998.171239 47
163998.171248 47
163998.171275 48
163998.171284 49
163998.173727 48
163998.173741 49
163998.176150 48
163998.176171 49
163998.178560 48
163998.178575 49
163998.180984 48
163998.180998 49
163998.183434 48
163998.183454 49
163998.185829 48
163998.185859 49
163998.188280 48
163998.188300 49
163998.226843 48
163998.226853 49
163998.260743 48
163998.260753 49
163998.263179 48
163998.263189 49
163998.265638 48
163998.265650 49
163998.268124 48
163998.268135 49
163998.270504 48
163998.270516 49
163998.272929 48
163998.272941 49
163998.275352 48
163998.275365 49
163998.277775 48
163998.277787 49
163998.280255 48
163998.280268 49
163998.282686 48
163998.282698 49
163998.285122 48
163998.285134 49
163998.287502 48
163998.287516 49
163998.289975 48
163998.289987 49
163998.292433 48
163998.292445 49
163998.294819 48
163998.294831 49
163998.297193 48
163998.297205 49
163998.299614 48
163998.299624 49
163998.302095 48
163998.302128 49
163998.304446 48
163998.304456 49
163998.306888 48
163998.306900 49
163998.309308 48
163998.309320 49
163998.311778 48
163998.311791 49
163998.314171 48
163998.314185 49
163998.316575 48
163998.316589 49
163998.356438 48
163998.356449 49
163998.390339 48
163998.390348 49
163998.392788 48
163998.392797 49
163998.395185 48
163998.395195 49
163998.397699 48
163998.397710 49
163998.400134 48
163998.400146 49
163998.402520 48
163998.402532 49
163998.404979 48
163998.404991 49
163998.407392 48
163998.407405 49
163998.409850 48
163998.409864 49
163998.412296 48
163998.412311 49
163998.414682 48
163998.414693 49
163998.417181 48
163998.417194 49
163998.419501 48
163998.419513 49
163998.422000 48
163998.422012 49
163998.424450 48
163998.424462 49
163998.426797 48
163998.426808 49
163998.429201 48
163998.429212 49
163998.431633 48
163998.431641 48
163998.431651 49
163998.431659 50
163998.434095 49
163998.434129 50
163998.436465 49
163998.436475 50
163998.438913 49
163998.438924 50
163998.441294 49
163998.441304 50
163998.443761 49
163998.443772 50
163998.446163 49
163998.446174 50
163998.484844 49
163998.484855 50
163998.518797 49
163998.518807 50
163998.521172 49
163998.521181 50
163998.523642 49
163998.523653 50
163998.526111 49
163998.526122 50
163998.528497 49
163998.528507 50
163998.530865 49
163998.530874 50
163998.533261 49
163998.533270 50
163998.535712 49
163998.535722 50
163998.538168 49
163998.538178 50
163998.540586 49
163998.540595 50
163998.543074 49
163998.543085 50
163998.545523 49
163998.545537 50
163998.547911 49
163998.547922 50
163998.550285 49
163998.550296 50
163998.552740 49
163998.552764 50
163998.555182 49
163998.555192 50
163998.558717 49
163998.558726 50
163998.561145 49
163998.561167 50
163998.563578 49
163998.563587 50
163998.566032 49
163998.566042 50
163998.568414 49
163998.568423 50
163998.570852 49
163998.570864 50
163998.573264 49
163998.573275 50
163998.575706 49
163998.575718 50
163998.615661 49
163998.615672 50
163998.649560 49
163998.649570 50
163998.652026 49
163998.652038 50
163998.654400 49
163998.654409 50
163998.656880 49
163998.656893 50
163998.659263 49
163998.659274 50
163998.661733 49
163998.661744 50
163998.664161 49
163998.664174 50
163998.666565 49
163998.666576 50
163998.669013 49
163998.669027 50
163998.671442 49
163998.671456 50
163998.673914 49
163998.673925 50
163998.676320 49
163998.676335 50
163998.678738 49
163998.678749 50
163998.681122 49
163998.681134 50
163998.683628 49
163998.683640 50
163998.686017 49
163998.686027 50
163998.688343 49
163998.688354 50
163998.690786 49
163998.690799 50
163998.693247 49
163998.693260 50
163998.695699 49
163998.695708 49
163998.695722 50
163998.695731 51
163998.698122 50
163998.698135 51
163998.700527 50
163998.700541 51
163998.702969 50
163998.702983 51
163998.705360 50
163998.705373 51
163998.746169 51
163998.747689 50
163998.747699 51
163998.781620 50
163998.781630 51
163998.784149 50
163998.784161 51
163998.786441 50
163998.786451 51
163998.789020 50
163998.789050 51
163998.791340 50
163998.791352 51
163998.793824 50
163998.793838 51
163998.796261 50
163998.796273 51
163998.798628 50
163998.798641 51
163998.801129 50
163998.801143 51
163998.803475 50
163998.803488 51
163998.805937 50
163998.805951 51
163998.808304 50
163998.808317 51
163998.810810 50
163998.810822 51
163998.813243 50
163998.813256 51
163998.815635 50
163998.815647 51
163998.818065 50
163998.818079 51
163998.820528 50
163998.820544 51
163998.822906 50
163998.822919 51
163998.825330 50
163998.825342 51
163998.827760 50
163998.827774 51
163998.830212 50
163998.830227 51
163998.832607 50
163998.832620 51
163998.835045 50
163998.835077 51
163998.837476 50
163998.837506 51
163998.878178 51
163998.880883 50
163998.880893 51
163998.914923 50
163998.914936 51
163998.917247 50
163998.917257 51
163998.919733 50
163998.919745 51
163998.922199 50
163998.922211 51
163998.924607 50
163998.924620 51
163998.927070 50
163998.927082 51
163998.929451 50
163998.929465 51
163998.931898 50
163998.931911 51
163998.934208 50
163998.934219 51
163998.936745 50
163998.936760 51
163998.939221 50
163998.939251 51
163998.941596 50
163998.941610 51
163998.944064 50
163998.944078 51
163998.946458 50
163998.946471 51
163998.948884 50
163998.948898 51
163998.951298 50
163998.951312 51
163998.953591 50
163998.953602 51
163998.956054 50
163998.956066 51
163998.958514 50
163998.958525 51
163998.960918 50
163998.960929 51
163998.963329 50
163998.963338 50
163998.963350 51
163998.963358 52
163998.965777 51
163998.965788 52
163998.968174 51
163998.968185 52
163998.970611 51
163998.970623 52
163999.011110 52
163999.013041 51
163999.013053 52
163999.046853 51
163999.046862 52
163999.049228 51
163999.049237 52
163999.051703 51
163999.051713 52
163999.054185 51
163999.054198 52
163999.056549 51
163999.056560 52
163999.058994 51
163999.059017 52
163999.061398 51
163999.061415 52
163999.063851 51
163999.063865 52
163999.066196 51
163999.066206 52
163999.068747 51
163999.068761 52
163999.071137 51
163999.071151 52
163999.073552 51
163999.073566 52
163999.076062 51
163999.076075 52
163999.078471 51
163999.078482 52
163999.080846 51
163999.080856 52
163999.083359 51
163999.083373 52
163999.086873 51
163999.086884 52
163999.089201 51
163999.089210 52
163999.091675 51
163999.091685 52
163999.094127 51
163999.094139 52
163999.096502 51
163999.096514 52
163999.098955 51
163999.098966 52
163999.101369 51
163999.101392 52
163999.103792 51
163999.103803 52
163999.106210 51
163999.106221 52
163999.148605 51
163999.148616 52
163999.182474 51
163999.182484 52
163999.184938 51
163999.184950 52
163999.187321 51
163999.187331 52
163999.189772 51
163999.189784 52
163999.192227 51
163999.192238 52
163999.194613 51
163999.194623 52
163999.197059 51
163999.197071 52
163999.199512 51
163999.199526 52
163999.201906 51
163999.201918 52
163999.204384 51
163999.204396 52
163999.206852 51
163999.206865 52
163999.209272 51
163999.209283 52
163999.211709 51
163999.211722 52
163999.214112 51
163999.214125 52
163999.216545 51
163999.216559 52
163999.218975 51
163999.218988 52
163999.221328 51
163999.221339 52
163999.223733 51
163999.223744 52
163999.226157 51
163999.226167 52
163999.228603 51
163999.228613 52
163999.230990 51
163999.231017 52
163999.233450 51
163999.233461 52
163999.235880 51
163999.235888 51
163999.235898 52
163999.235906 53
163999.238270 52
163999.238284 53
163999.240772 52
163999.240784 53
163999.281199 53
163999.285494 52
163999.285524 53
163999.319365 52
163999.319378 53
163999.321813 52
163999.321824 53
163999.324202 52
163999.324213 53
163999.326638 52
163999.326650 53
163999.329109 52
163999.329121 53
163999.331490 52
163999.331502 53
163999.333909 52
163999.333920 53
163999.336309 52
163999.336319 53
163999.338772 52
163999.338783 53
163999.341171 52
163999.341182 53
163999.343586 52
163999.343597 53
163999.346026 52
163999.346038 53
163999.348422 52
163999.348433 53
163999.350852 52
163999.350862 53
163999.353265 52
163999.353275 53
163999.355731 52
163999.355741 53
163999.358159 52
163999.358168 53
163999.360528 52
163999.360538 53
163999.362955 52
163999.362965 53
163999.365366 52
163999.365376 53
163999.367796 52
163999.367806 53
163999.370204 52
163999.370214 53
163999.372635 52
163999.372644 53
163999.375080 52
163999.375089 53
163999.377492 52
163999.377501 53
163999.418138 53
163999.423514 52
163999.423523 53
163999.457434 52
163999.457446 53
163999.459845 52
163999.459857 53
163999.462265 52
163999.462277 53
163999.464701 52
163999.464712 53
163999.467145 52
163999.467155 53
163999.469548 52
163999.469558 53
163999.471995 52
163999.472033 53
163999.474379 52
163999.474390 53
163999.476838 52
163999.476849 53
163999.479227 52
163999.479237 53
163999.481654 52
163999.481664 53
163999.484109 52
163999.484126 53
163999.486484 52
163999.486494 53
163999.488910 52
163999.488919 53
163999.491335 52
163999.491344 53
163999.493757 52
163999.493767 53
163999.496229 52
163999.496236 53
163999.498603 52
163999.498613 53
163999.501039 52
163999.501050 53
163999.503445 52
163999.503455 53
163999.505868 52
163999.505876 53
163999.508281 52
163999.508290 53
163999.510710 52
163999.510720 53
163999.513123 52
163999.513129 52
163999.513157 53
163999.513166 54
163999.515550 53
163999.515558 54
163999.556187 54
163999.560422 53
163999.560447 54
163999.594343 53
163999.594355 54
163999.596744 53
163999.596754 54
163999.599176 53
163999.599186 54
163999.601592 53
163999.601601 54
163999.604027 53
163999.604037 54
163999.606428 53
163999.606437 54
163999.608850 53
163999.608859 54
163999.611286 53
163999.611296 54
163999.613754 53
163999.613763 54
163999.616203 53
163999.616220 54
163999.618659 53
163999.618673 54
163999.621063 53
163999.621073 54
163999.623459 53
163999.623492 54
163999.625912 53
163999.625922 54
163999.628349 53
163999.628363 54
163999.630759 53
163999.630773 54
163999.633149 53
163999.633158 54
163999.636742 53
163999.636751 54
163999.639184 53
163999.639201 54
163999.641602 53
163999.641612 54
163999.644018 53
163999.644028 54
163999.646450 53
163999.646464 54
163999.648869 53
163999.648878 54
163999.651301 53
163999.651311 54
163999.653713 53
163999.653722 54
163999.656159 53
163999.656168 54
163999.700962 53
163999.700972 54
163999.733634 54
163999.734873 54
163999.736064 53
163999.738464 52
163999.740861 51
163999.743328 50
163999.745776 49
163999.748215 48
163999.750619 47
163999.753022 46
163999.755495 45
163999.757910 44
163999.760329 43
163999.762765 42
163999.765176 41
163999.767600 40
163999.770029 39
163999.772446 38
163999.774861 37
163999.777304 36
163999.779716 35
163999.782155 34
163999.784545 33
163999.787025 32
163999.789452 31
163999.791833 30
163999.794162 29
163999.840243 28
163999.875364 26
163999.876577 26
163999.877802 26
163999.877811 26
163999.877823 27
163999.878969 27
163999.880201 27
163999.881320 27
163999.882646 27
163999.883808 27
163999.886110 27
163999.886250 27
163999.887450 27
163999.888670 27
163999.889985 27
163999.891117 27
163999.892312 27
163999.893517 27
163999.895970 26
163999.895983 27
163999.898310 26
163999.898324 27
163999.900788 26
163999.900802 27
163999.903208 26
163999.903222 27
163999.906313 26
163999.906334 27
163999.984290 26
163999.984299 27
163999.986835 26
163999.986848 27
163999.989189 26
163999.989201 27
163999.991671 26
163999.991701 27
163999.994146 26
163999.994158 27
163999.996498 26
163999.996510 27
163999.998868 26
163999.998879 27
164000.001242 26
164000.001252 27
164000.003707 26
164000.003717 27
164000.006143 26
164000.006154 27
164000.008570 26
164000.008577 26
164000.008588 27
164000.008595 28
164000.011118 27
164000.011129 28
164000.013519 27
164000.013529 28
164000.015916 27
164000.015926 28
164000.093282 27
164000.093292 28
164000.095728 27
164000.095738 28
164000.098188 27
164000.098201 28
164000.100659 27
164000.100670 28
164000.103078 27
164000.103092 28
164000.105485 27
164000.105496 28
164000.107851 27
164000.107861 28
164000.110251 27
164000.110261 28
164000.112766 27
164000.112776 28
164000.115216 27
164000.115228 28
164000.117600 27
164000.117611 28
164000.119995 27
164000.120030 28
164000.122477 27
164000.122488 28
164000.124878 27
164000.124889 28
164000.165130 28
164000.204813 27
164000.204824 28
164000.207235 27
164000.207246 28
164000.209662 27
164000.209673 28
164000.212142 27
164000.212153 28
164000.214538 27
164000.214549 28
164000.216997 27
164000.217011 28
164000.219300 27
164000.219312 28
164000.221715 27
164000.221727 28
164000.224190 27
164000.224220 28
164000.226578 27
164000.226590 28
164000.229116 27
164000.229151 28
164000.231393 27
164000.231402 27
164000.231413 28
164000.231421 29
164000.233905 28
164000.233915 29
164000.236250 28
164000.236260 29
164000.316142 29
164000.317415 28
164000.317425 29
164000.319938 28
164000.319950 29
164000.322218 28
164000.322228 29
164000.324720 28
164000.324731 29
164000.327243 28
164000.327255 29
164000.329596 28
164000.329619 29
164000.331977 28
164000.331988 29
164000.334359 28
164000.334370 29
164000.336774 28
164000.336784 29
164000.339208 28
164000.339217 29
164000.341679 28
164000.341690 29
164000.344123 28
164000.344150 29
164000.346552 28
164000.346563 29
164000.348973 28
164000.348983 29
164000.389191 29
164000.431225 28
164000.431234 29
164000.433700 28
164000.433711 29
164000.436131 28
164000.436164 29
164000.438533 28
164000.438558 29
164000.440972 28
164000.440984 29
164000.443412 28
164000.443424 29
164000.445769 28
164000.445779 29
164000.448222 28
164000.448232 29
164000.450674 28
164000.450685 29
164000.453154 28
164000.453164 29
164000.455473 28
164000.455483 29
164000.458054 28
164000.458086 29
164000.460373 28
164000.460380 28
164000.460390 29
164000.460397 30
164000.462803 29
164000.462813 30
164000.501529 29
164000.501540 30
164000.545108 29
164000.545135 30
164000.547504 29
164000.547514 30
164000.549992 29
164000.550028 30
164000.552402 29
164000.552413 30
164000.554812 29
164000.554823 30
164000.557267 29
164000.557276 30
164000.559605 29
164000.559614 30
164000.562042 29
164000.562053 30
164000.564481 29
164000.564490 30
164000.566992 29
164000.567022 30
164000.569311 29
164000.569320 30
164000.571874 29
164000.571887 30
164000.574291 29
164000.574307 30
164000.576617 29
164000.576628 30
164000.615311 29
164000.615320 30
164000.660179 29
164000.660213 30
164000.662581 29
164000.662593 30
164000.665039 29
164000.665050 30
164000.667397 29
164000.667406 30
164000.669864 29
164000.669875 30
164000.672297 29
164000.672307 30
164000.674714 29
164000.674732 30
164000.677137 29
164000.677147 30
164000.679543 29
164000.679553 30
164000.682070 29
164000.682084 30
164000.684407 29
164000.684418 30
164000.686890 29
164000.686922 30
164000.689280 29
164000.689304 30
164000.691753 29
164000.691767 30
164000.730406 29
164000.730414 29
164000.730423 30
164000.730430 31
164000.776395 30
164000.776403 31
164000.778855 30
164000.778865 31
164000.781234 30
164000.781243 31
164000.783706 30
164000.783718 31
164000.786142 30
164000.786154 31
164000.788575 30
164000.788586 31
164000.790988 30
164000.791005 31
164000.793404 30
164000.793414 31
164000.795828 30
164000.795839 31
164000.798271 30
164000.798285 31
164000.800726 30
164000.800740 31
164000.803143 30
164000.803152 31
164000.805575 30
164000.805600 31
164000.807984 30
164000.807996 31
164000.846666 30
164000.846676 31
164000.849100 30
164000.849125 31
164000.896331 30
164000.896341 31
164000.898819 30
164000.898832 31
164000.901172 30
164000.901181 31
164000.903653 30
164000.903668 31
164000.906072 30
164000.906082 31
164000.908468 30
164000.908479 31
164000.910855 30
164000.910865 31
164000.913340 30
164000.913352 31
164000.915754 30
164000.915765 31
164000.918207 30
164000.918219 31
164000.920624 30
164000.920636 31
164000.923072 30
164000.923103 31
164000.925449 30
164000.925460 31
164000.927860 30
164000.927870 31
164000.966586 30
164000.966597 31
164000.969069 30
164000.969080 31
164001.015091 30
164001.015107 30
164001.015125 31
164001.015132 32
164001.017476 31
164001.017485 32
164001.019932 31
164001.019945 32
164001.022306 31
164001.022315 32
164001.024832 31
164001.024846 32
164001.027239 31
164001.027250 32
164001.029576 31
164001.029596 32
164001.032071 31
164001.032106 32
164001.034402 31
164001.034413 32
164001.036891 31
164001.036901 32
164001.039285 31
164001.039295 32
164001.041733 31
164001.041744 32
164001.044191 31
164001.044201 32
164001.046617 31
164001.046628 32
164001.085280 31
164001.085290 32
164001.087727 31
164001.087737 32
164001.136197 31
164001.136208 32
164001.138630 31
164001.138641 32
164001.141169 31
164001.141182 32
164001.143430 31
164001.143439 32
164001.145983 31
164001.145994 32
164001.148356 31
164001.148367 32
164001.150734 31
164001.150744 32
164001.153186 31
164001.153196 32
164001.155587 31
164001.155598 32
164001.158064 31
164001.158073 32
164001.160382 31
164001.160391 32
164001.162852 31
164001.162861 32
164001.165301 31
164001.165310 32
164001.167769 31
164001.167779 32
164001.206408 31
164001.206419 32
164001.208842 31
164001.208853 32
164001.253149 32
164001.258517 31
164001.258527 32
164001.260981 31
164001.260989 31
164001.260999 32
164001.261030 33
164001.263325 32
164001.263335 33
164001.265900 32
164001.265914 33
164001.268292 32
164001.268324 33
164001.270686 32
164001.270698 33
164001.273145 32
164001.273155 33
164001.275445 32
164001.275455 33
164001.277921 32
164001.277931 33
164001.280295 32
164001.280305 33
164001.282782 32
164001.282793 33
164001.285206 32
164001.285216 33
164001.287621 32
164001.287630 33
164001.290105 32
164001.290117 33
164001.328783 32
164001.328794 33
164001.331201 32
164001.331212 33
164001.380846 32
164001.380858 33
164001.383206 32
164001.383215 33
164001.385710 32
164001.385721 33
164001.388173 32
164001.388185 33
164001.390568 32
164001.390581 33
164001.392913 32
164001.392923 33
164001.395447 32
164001.395459 33
164001.397827 32
164001.397837 33
164001.400208 32
164001.400218 33
164001.402636 32
164001.402645 33
164001.405138 32
164001.405153 33
164001.407544 32
164001.407554 33
164001.409957 32
164001.409966 33
164001.412412 32
164001.412422 33
164001.414835 32
164001.414845 33
164001.453505 32
164001.453516 33
164001.455911 32
164001.455921 33
164001.504414 32
164001.504439 33
164001.506846 32
164001.506871 33
164001.509274 32
164001.509303 33
164001.511696 32
164001.511704 32
164001.511716 33
164001.511723 34
164001.514133 33
164001.514144 34
164001.516559 33
164001.516573 34
164001.518983 33
164001.518996 34
164001.521409 33
164001.521427 34
164001.523851 33
164001.523865 34
164001.526305 33
164001.526318 34
164001.528749 33
164001.528766 34
164001.531092 33
164001.531115 34
164001.533530 33
164001.533542 34
164001.535939 33
164001.535951 34
164001.538359 33
164001.538370 34
164001.577075 33
164001.577101 34
164001.579482 33
164001.579493 34
164001.629143 33
164001.629154 34
164001.631574 33
164001.631584 34
164001.634030 33
164001.634040 34
164001.636387 33
164001.636400 34
164001.638855 33
164001.638868 34
164001.641221 33
164001.641233 34
164001.643677 33
164001.643689 34
164001.646115 33
164001.646127 34
164001.648520 33
164001.648532 34
164001.650968 33
164001.650980 34
164001.653362 33
164001.653375 34
164001.655884 33
164001.655897 34
164001.658189 33
164001.658201 34
164001.660657 33
164001.660667 34
164001.663126 33
164001.663138 34
164001.701813 33
164001.701824 34
164001.704223 33
164001.704236 34
164001.747117 34
164001.756269 33
164001.756283 34
164001.758763 33
164001.758775 34
164001.761225 33
164001.761238 34
164001.763616 33
164001.763627 34
164001.766100 33
164001.766109 33
164001.766130 34
164001.766139 35
164001.768472 34
164001.768495 35
164001.770961 34
164001.770991 35
164001.773315 34
164001.773332 35
164001.775711 34
164001.775734 35
164001.778203 34
164001.778216 35
164001.780583 34
164001.780606 35
164001.783095 34
164001.783107 35
164001.785441 34
164001.785456 35
164001.787896 34
164001.787918 35
164001.790325 34
164001.790352 35
164001.829097 34
164001.829108 35
164001.831390 34
164001.831401 35
164001.883464 34
164001.883474 35
164001.885912 34
164001.885923 35
164001.888291 34
164001.888300 35
164001.890791 34
164001.890802 35
164001.893191 34
164001.893203 35
164001.895707 34
164001.895721 35
164001.898166 34
164001.898177 35
164001.900524 34
164001.900537 35
164001.902972 34
164001.903007 35
164001.905316 34
164001.905327 35
164001.907792 34
164001.907804 35
164001.910247 34
164001.910274 35
164001.912670 34
164001.912692 35
164001.915049 34
164001.915061 35
164001.917486 34
164001.917512 35
164001.919941 34
164001.919955 35
164001.958592 34
164001.958605 35
164001.961013 34
164001.961026 35
164002.011912 34
164002.011926 35
164002.014328 34
164002.014340 35
164002.016739 34
164002.016751 35
164002.019167 34
164002.019180 35
164002.021584 34
164002.021596 35
164002.024010 34
164002.024022 35
164002.026421 34
164002.026430 34
164002.026442 35
164002.026451 36
164002.028823 35
164002.028836 36
164002.031266 35
164002.031279 36
164002.033763 35
164002.033776 36
164002.036172 35
164002.036183 36
164002.038641 35
164002.038654 36
164002.041069 35
164002.041083 36
164002.043442 35
164002.043456 36
164002.045910 35
164002.045940 36
164002.048300 35
164002.048313 36
164002.087090 35
164002.087103 36
164002.089446 35
164002.089465 36
164002.141504 35
164002.141516 36
164002.143938 35
164002.143948 36
164002.146324 35
164002.146350 36
164002.148753 35
164002.148766 36
164002.151195 35
164002.151211 36
164002.153628 35
164002.153640 36
164002.156048 35
164002.156059 36
164002.158458 35
164002.158469 36
164002.160949 35
164002.160961 36
164002.163400 35
164002.163412 36
164002.165869 35
164002.165883 36
164002.168258 35
164002.168270 36
164002.170598 35
164002.170607 36
164002.173102 35
164002.173128 36
164002.175519 35
164002.175536 36
164002.177920 35
164002.177940 36
164002.217880 35
164002.217892 36
164002.220299 35
164002.220311 36
164002.263236 36
164002.272341 35
164002.272361 36
164002.274780 35
164002.274794 36
164002.277203 35
164002.277216 36
164002.279616 35
164002.279630 36
164002.282012 35
164002.282026 36
164002.284445 35
164002.284462 36
164002.286892 35
164002.286906 36
164002.289293 35
164002.289305 35
164002.289323 36
164002.289347 37
164002.291742 36
164002.291756 37
164002.294256 36
164002.294278 37
164002.296647 36
164002.296679 37
164002.299072 36
164002.299103 37
164002.301461 36
164002.301480 37
164002.303890 36
164002.303923 37
164002.306299 36
164002.306315 37
164002.308713 36
164002.308726 37
164002.348608 36
164002.348620 37
164002.351049 36
164002.351061 37
164002.403161 36
164002.403173 37
164002.405545 36
164002.405555 37
164002.407947 36
164002.407957 37
164002.410358 36
164002.410368 37
164002.412784 36
164002.412795 37
164002.415277 36
164002.415289 37
164002.417650 36
164002.417661 37
164002.420075 36
164002.420086 37
164002.422494 36
164002.422505 37
164002.424941 36
164002.424951 37
164002.427317 36
164002.427328 37
164002.429748 36
164002.429758 37
164002.432202 36
164002.432235 37
164002.434629 36
164002.434639 37
164002.437099 36
164002.437111 37
164002.439486 36
164002.439499 37
164002.441953 36
164002.441965 37
164002.481850 36
164002.481862 37
164002.484234 36
164002.484244 37
164002.537520 36
164002.537532 37
164002.539975 36
164002.539985 37
164002.542383 36
164002.542395 37
164002.544799 36
164002.544809 37
164002.547208 36
164002.547218 37
164002.549642 36
164002.549652 37
164002.552074 36
164002.552084 37
164002.554517 36
164002.554528 37
164002.557015 36
164002.557028 37
164002.559342 36
164002.559350 36
164002.559361 37
164002.559367 38
164002.561842 37
164002.561853 38
164002.564224 37
164002.564234 38
164002.566653 37
164002.566663 38
164002.569147 37
164002.569162 38
164002.571442 37
164002.571467 38
164002.573932 37
164002.573942 38
164002.576262 37
164002.576271 38
164002.615082 37
164002.615113 38
164002.617450 37
164002.617460 38
164002.671990 37
164002.672024 38
164002.674369 37
164002.674378 38
164002.676867 37
164002.676898 38
164002.679273 37
164002.679283 38
164002.681689 37
164002.681700 38
164002.684151 37
164002.684164 38
164002.686528 37
164002.686539 38
164002.688986 37
164002.689025 38
164002.691335 37
164002.691345 38
164002.693881 37
164002.693894 38
164002.696196 37
164002.696206 38
164002.698682 37
164002.698693 38
164002.701119 37
164002.701128 38
164002.703526 37
164002.703536 38
164002.705873 37
164002.705882 38
164002.708350 37
164002.708359 38
164002.711937 37
164002.711947 38
164002.750694 37
164002.750704 38
164002.753184 37
164002.753194 38
164002.796099 38
164002.807614 37
164002.807623 38
164002.810060 37
164002.810069 38
164002.812442 37
164002.812450 38
164002.814889 37
164002.814898 38
164002.817316 37
164002.817325 38
164002.819732 37
164002.819741 38
164002.822118 37
164002.822126 38
164002.824555 37
164002.824563 38
164002.827089 37
164002.827102 38
164002.829491 37
164002.829504 38
164002.831873 37
164002.831882 37
164002.831893 38
164002.831902 39
164002.834297 38
164002.834308 39
164002.836720 38
164002.836731 39
164002.839115 38
164002.839126 39
164002.841550 38
164002.841562 39
164002.843996 38
164002.844027 39
164002.847614 38
164002.847625 39
164002.886356 38
164002.886367 39
164002.888763 38
164002.888773 39
164002.943235 38
164002.943242 39
164002.945703 38
164002.945711 39
164002.948141 38
164002.948150 39
164002.950531 38
164002.950538 39
164002.953018 38
164002.953027 39
164002.955376 38
164002.955384 39
164002.957815 38
164002.957824 39
164002.960244 38
164002.960253 39
164002.962653 38
164002.962662 39
164002.965108 38
164002.965116 39
164002.967536 38
164002.967555 39
164002.969962 38
164002.969975 39
164002.972325 38
164002.972334 39
164002.974803 38
164002.974812 39
164002.977198 38
164002.977207 39
164002.979648 38
164002.979657 39
164002.982058 38
164002.982067 39
164002.985690 38
164002.985698 39
164003.024388 38
164003.024399 39
164003.026822 38
164003.026833 39
164003.082548 38
164003.082558 39
164003.085055 38
164003.085067 39
164003.087395 38
164003.087404 39
164003.089864 38
164003.089877 39
164003.092317 38
164003.092331 39
164003.094746 38
164003.094759 39
164003.097181 38
164003.097195 39
164003.099578 38
164003.099609 39
164003.102094 38
164003.102106 39
164003.104462 38
164003.104476 39
164003.106867 38
164003.106879 39
164003.109217 38
164003.109228 39
164003.111710 38
164003.111719 38
164003.111729 39
164003.111737 40
164003.114168 39
164003.114182 40
164003.116564 39
164003.116576 40
164003.119032 39
164003.119060 40
164003.121438 39
164003.121448 40
164003.123874 39
164003.123886 40
164003.162561 39
164003.162594 40
164003.165073 39
164003.165109 40
164003.221898 39
164003.221910 40
164003.224256 39
164003.224266 40
164003.226846 39
164003.226858 40
164003.229166 39
164003.229176 40
164003.231555 39
164003.231565 40
164003.234062 39
164003.234074 40
164003.236442 39
164003.236454 40
164003.238854 39
164003.238866 40
164003.241316 39
164003.241329 40
164003.243785 39
164003.243799 40
164003.246221 39
164003.246233 40
164003.248636 39
164003.248648 40
164003.251074 39
164003.251103 40
164003.253451 39
164003.253464 40
164003.255815 39
164003.255827 40
164003.258339 39
164003.258352 40
164003.261919 39
164003.261948 40
164003.263138 40
164003.264287 40
164003.301831 39
164003.304218 38
164003.359959 37
164003.362302 36
164003.364858 35
164003.367182 34
164003.369629 33
164003.372114 32
164003.374432 31
164003.376964 30
164003.379321 29
164003.381815 28
164003.384253 27
164003.386582 26
164003.389040 25
164003.391443 24
164003.393851 23
164003.396283 22
164003.399932 21
164003.403557 19
164003.441118 19
164003.442254 19
164003.442260 19
164003.442268 20
164003.497978 20
164003.499190 20
164003.500421 20
164003.501637 20
164003.502831 20
164003.504148 20
164003.505253 20
164003.506508 20
164003.507686 20
164003.508974 20
164003.510115 20
164003.511323 20
164003.512528 20
164003.514943 19
164003.514953 20
164003.518602 19
164003.518613 20
164003.557353 19
164003.557364 20
164003.559877 19
164003.559888 20
164003.617899 19
164003.617909 20
164003.620318 19
164003.620328 20
164003.622725 19
164003.622736 20
164003.625155 19
164003.625165 20
164003.627594 19
164003.627603 19
164003.627613 20
164003.627620 21
164003.630031 20
164003.630040 21
164003.632502 20
164003.632513 21
164003.634840 20
164003.634850 21
164003.673621 20
164003.673630 21
164003.676095 20
164003.676103 21
164003.719171 21
164003.736588 20
164003.736596 21
164003.739105 20
164003.739115 21
164003.741463 20
164003.741473 21
164003.743928 20
164003.743938 21
164003.746281 20
164003.746290 21
164003.748731 20
164003.748741 21
164003.751216 20
164003.751225 21
164003.753569 20
164003.753577 21
164003.792291 20
164003.792301 21
164003.794730 20
164003.794741 21
164003.837134 21
164003.856488 20
164003.856496 21
164003.858938 20
164003.858947 21
164003.861311 20
164003.861320 21
164003.863744 20
164003.863752 21
164003.866147 20
164003.866155 21
164003.868576 20
164003.868582 20
164003.868590 21
164003.868595 22
164003.870999 21
164003.871026 22
164003.873428 21
164003.873435 22
164003.912167 21
164003.912174 22
164003.914602 21
164003.914609 22
164003.955850 21
164003.955861 22
164003.978801 21
164003.978809 22
164003.981215 21
164003.981223 22
164003.983641 21
164003.983650 22
164003.986077 21
164003.986101 22
164003.988487 21
164003.988499 22
164003.990917 21
164003.990925 22
164003.993341 21
164003.993349 22
164003.995764 21
164003.995772 22
164004.034583 21
164004.034599 22
164004.037032 21
164004.037040 22
164004.078149 21
164004.078156 22
164004.099999 21
164004.100024 22
164004.102384 21
164004.102396 22
164004.104770 21
164004.104777 22
164004.107227 21
164004.107235 22
164004.109638 21
164004.109645 22
164004.112139 21
164004.112151 22
164004.114509 21
164004.114523 22
164004.116976 21
164004.116985 21
164004.116997 22
164004.117034 23
164004.155659 22
164004.155670 23
164004.158179 22
164004.158189 23
164004.199280 22
164004.199292 23
164004.221177 22
164004.221200 23
164004.223530 22
164004.223541 23
164004.225988 22
164004.225997 23
164004.228357 22
164004.228369 23
164004.230795 22
164004.230807 23
164004.233171 22
164004.233180 23
164004.235628 22
164004.235640 23
164004.238134 22
164004.238161 23
164004.240506 22
164004.240518 23
164004.280432 22
164004.280442 23
164004.282908 22
164004.282916 23
164004.324125 22
164004.324152 23
164004.345921 22
164004.345933 23
164004.348274 22
164004.348285 23
164004.350705 22
164004.350716 23
164004.353192 22
164004.353203 23
164004.355548 22
164004.355558 23
164004.357947 22
164004.357958 23
164004.360370 22
164004.360381 23
164004.362887 22
164004.362900 23
164004.365237 22
164004.365249 23
164004.406392 22
164004.406399 22
164004.406410 23
164004.406417 24
164004.408865 23
164004.408875 24
164004.450058 23
164004.450067 24
164004.471934 23
164004.471948 24
164004.474215 23
164004.474224 24
164004.476671 23
164004.476680 24
164004.479123 23
164004.479133 24
164004.481498 23
164004.481507 24
164004.483996 23
164004.484026 24
164004.486336 23
164004.486346 24
164004.488790 23
164004.488799 24
164004.491195 23
164004.491204 24
164004.533543 23
164004.533552 24
164004.535987 23
164004.535995 24
164004.577166 24
164004.578361 23
164004.578370 24
164004.600185 23
164004.600201 24
164004.602603 23
164004.602613 24
164004.605053 23
164004.605069 24
164004.607432 23
164004.607442 24
164004.609875 23
164004.609884 24
164004.612260 23
164004.612269 24
164004.614693 23
164004.614703 24
164004.617132 23
164004.617158 24
164004.619585 23
164004.619595 24
164004.660697 23
164004.660706 24
164004.663140 23
164004.663152 23
164004.663160 24
164004.663166 25
164004.704308 24
164004.704316 25
164004.726164 24
164004.726172 25
164004.728571 24
164004.728579 25
164004.730965 24
164004.730972 25
164004.733410 24
164004.733419 25
164004.735881 24
164004.735889 25
