163994.504489 799448
163994.603989 798903
163994.811240 800845
163994.812482 803765
163994.813710 807537
163994.814859 811976
163994.816079 817069
163994.817284 822721
163994.818531 828904
163994.819732 835506
163994.820911 842452
163994.822183 849792
163994.926337 858618
163994.927541 867506
163994.928819 875358
163994.930001 883400
163994.931184 890403
163994.932405 897742
163994.933632 904270
163994.934790 911131
163994.936076 917180
163994.937245 923632
163994.938439 929287
163994.939663 935395
163994.940936 940848
163994.942110 946783
163994.943272 951948
163994.944515 957701
163994.945779 962811
163994.946930 968423
163994.948132 973276
163994.949342 978703
163995.052298 982257
163995.053465 986515
163995.054730 990336
163995.055887 994809
163995.057164 998748
163995.058327 1003345
163995.059542 1007413
163995.060735 1012137
163995.061993 1016371
163995.063218 1021282
163995.064380 1025549
163995.065563 1030455
163995.066871 1034858
163995.068026 1039855
163995.069242 1044297
163995.070425 1049356
163995.071698 1053779
163995.072855 1058796
163995.074054 1063198
163995.075243 1068227
163995.076477 1072676
163995.077689 1077768
163995.078899 1082236
163995.080076 1087311
163995.081319 1091668
163995.082527 1095556
163995.083783 1099061
163995.084928 1102044
163995.086135 1104616
163995.087350 1106913
163995.088562 1108919
163995.089769 1110654
163995.191577 1111079
163995.192780 1112647
163995.194051 1114132
163995.195189 1115304
163995.196420 1116403
163995.197621 1117288
163995.198912 1118193
163995.200046 1118903
163995.201271 1119558
163995.202476 1120062
163995.203706 1120523
163995.204915 1120973
163995.206136 1121405
163995.207321 1121660
163995.208579 1121986
163995.209742 1122218
163995.210952 1122449
163995.212150 1122571
163995.213345 1122718
163995.214569 1122872
163995.215822 1123070
163995.217076 1123264
163995.218210 1123355
163995.219405 1123422
163995.220697 1123597
163995.221853 1123662
163995.223063 1123725
163995.224284 1124260
163995.225496 1122728
163995.226814 1120387
163995.281197 1070339
163995.282468 1024547
163995.283875 983479
163995.284870 946545
163995.286139 913227
163995.287299 883074
163995.288524 854690
163995.289657 828854
163995.290932 803248
163995.292199 782842
163995.293360 764987
163995.294563 750364
163995.295766 737569
163995.296997 727373
163995.298200 719452
163995.299349 713521
163995.300549 707331
163995.301849 702915
163995.303030 700051
163995.304174 698545
163995.305478 697227
163995.306663 697074
163995.307873 696940
163995.309155 698823
163995.310250 700471
163995.311544 702913
163995.312706 704049
163995.313969 706043
163995.315108 708585
163995.316340 710808
163995.317579 712695
163995.372066 714449
163995.373224 715858
163995.374484 716956
163995.375717 718144
163995.376922 719127
163995.378142 720044
163995.379277 720757
163995.380633 721613
163995.381768 722212
163995.383064 722765
163995.384140 723149
163995.385437 723594
163995.386657 723996
163995.387873 724331
163995.389037 724590
163995.390255 724891
163995.391403 725109
163995.392674 725260
163995.393891 725435
163995.395078 725630
163995.396250 725675
163995.397479 725753
163995.398743 725873
163995.399949 725900
163995.401173 726053
163995.402284 725996
163995.403564 726079
163995.404777 726078
163995.405965 726152
163995.407191 726383
163995.408382 727580
163995.409584 728604
163995.464099 729497
163995.465313 730373
163995.466511 731078
163995.467795 731745
163995.468973 732296
163995.470148 732719
163995.471343 733144
163995.472634 733451
163995.473864 733839
163995.475138 734135
163995.476267 734446
163995.477476 734650
163995.478668 734779
163995.479953 734941
163995.481091 735078
163995.482328 735217
163995.483510 735376
163995.484711 735446
163995.485919 735496
163995.487106 735553
163995.488322 735623
163995.489554 735702
163995.490730 735674
163995.491991 735726
163995.493189 735691
163995.494388 735777
163995.495595 735792
163995.496811 735807
163995.498013 735853
163995.499240 735894
163995.500428 735924
163995.501738 737247
163995.502871 738335
163995.558598 740518
163995.559788 742396
163995.561131 744185
163995.562253 745588
163995.563453 746832
163995.564665 747966
163995.565934 749030
163995.567117 749849
163995.568313 750536
163995.569529 751070
163995.570751 751632
163995.571919 752080
163995.573254 752617
163995.574347 752897
163995.575575 753239
163995.576780 753498
163995.578052 753815
163995.579224 754070
163995.580390 754252
163995.581595 754432
163995.582827 754600
163995.584040 754731
163995.585217 754847
163995.586427 754899
163995.587652 754968
163995.588889 755066
163995.590087 755145
163995.591273 755184
163995.592521 755264
163995.593703 755290
163995.594939 755360
163995.596132 755311
163995.597295 755286
163995.598538 756495
163995.653052 756358
163995.654243 756236
163995.655449 755987
163995.656713 755910
163995.657878 755810
163995.659169 755799
163995.660285 755637
163995.661556 755586
163995.662755 755542
163995.664029 755562
163995.665155 755483
163995.666388 755480
163995.667597 755352
163995.668869 755416
163995.670029 755404
163995.671260 755421
163995.672434 755337
163995.673653 755311
163995.674859 755334
163995.676071 755363
163995.677241 755325
163995.678460 755306
163995.679691 755335
163995.680931 755392
163995.682113 755402
163995.683303 755358
163995.684531 755357
163995.685756 755385
163995.686970 755377
163995.688184 755404
163995.689364 755371
163995.690595 755390
163995.693024 756672
163995.694212 757730
163995.749980 759909
163995.751239 763066
163995.752419 765836
163995.753612 768229
163995.754827 770292
163995.756044 772148
163995.757257 773677
163995.758448 775090
163995.759656 776263
163995.760929 777365
163995.762107 778233
163995.763333 779092
163995.764479 779742
163995.765730 780363
163995.766927 780831
163995.768210 781363
163995.769352 781731
163995.770596 782136
163995.771794 782469
163995.772973 782734
163995.774193 782988
163995.775403 783253
163995.776625 783472
163995.777829 783654
163995.779038 783767
163995.780241 783866
163995.781490 784033
163995.782686 784144
163995.783906 784237
163995.785101 784299
163995.786306 784360
163995.787513 784388
163995.788732 784437
163995.789957 783280
163995.791172 782304
163995.848078 782569
163995.849327 782770
163995.850494 782966
163995.851719 784352
163995.852924 785580
163995.854224 786735
163995.855331 787630
163995.856532 788399
163995.857773 789130
163995.859045 789832
163995.860170 790300
163995.861411 790766
163995.862587 791146
163995.863881 791611
163995.865033 791911
163995.866241 792185
163995.867464 792366
163995.868768 792672
163995.869934 792874
163995.871141 793061
163995.872336 793239
163995.873549 793401
163995.874705 793482
163995.875959 793582
163995.877190 793701
163995.878365 793786
163995.879584 793847
163995.880810 793895
163995.882032 793962
163995.883187 793955
163995.884416 793984
163995.885639 794027
163995.886836 794054
163995.888065 794089
163995.889252 794080
163995.890467 794048
163995.948589 795275
163995.949768 796257
163995.951118 797297
163995.952234 798102
163995.953473 798829
163995.954649 800606
163995.955888 802123
163995.957111 803589
163995.958327 804908
163995.959467 805937
163995.960740 806841
163995.961947 807716
163995.963249 808543
163995.964378 809224
163995.965613 809755
163995.966785 810219
163995.968058 810712
163995.969178 811036
163995.970437 811297
163995.971667 811570
163995.972879 811814
163995.974059 811996
163995.975296 812196
163995.976521 812447
163995.977720 812614
163995.978928 812722
163995.980142 812867
163995.981366 812993
163995.982526 813042
163995.983712 813066
163995.984958 813148
163995.986173 813222
163995.987337 813233
163995.988577 813279
163995.989776 813291
163995.991046 813367
163995.992253 813441
163996.049118 812241
163996.050324 811241
163996.051518 810187
163996.052777 809409
163996.053915 808622
163996.055176 808025
163996.056397 807472
163996.057668 808244
163996.058799 808855
163996.060150 809541
163996.061256 810067
163996.062482 810502
163996.063680 810875
163996.064961 811181
163996.066131 811486
163996.067269 811660
163996.068539 811906
163996.069771 812069
163996.070975 812298
163996.072206 812478
163996.073408 812609
163996.074500 812603
163996.075818 812753
163996.077055 812855
163996.078190 812872
163996.079403 812884
163996.080612 812912
163996.081869 812988
163996.083075 813009
163996.084259 813066
163996.085440 813117
163996.086621 813095
163996.087890 813116
163996.090285 814395
163996.091494 815463
163996.092708 816418
163996.093927 817194
163996.095165 817884
163996.153242 819748
163996.154475 821407
163996.155698 822889
163996.156978 824199
163996.158144 825381
163996.159331 826338
163996.160514 827124
163996.161786 827813
163996.162975 828475
163996.164188 830255
163996.165364 831650
163996.166624 833024
163996.167838 834215
163996.169120 835341
163996.170238 836163
163996.171466 836943
163996.172654 837679
163996.173911 838304
163996.175120 838829
163996.176280 839243
163996.177522 839619
163996.178697 839917
163996.179948 840351
163996.181177 840633
163996.182331 840802
163996.183541 841023
163996.184809 841270
163996.185993 841462
163996.187152 841527
163996.188391 841600
163996.189662 841778
163996.190814 841905
163996.192056 842076
163996.193228 842125
163996.194441 840987
163996.195663 839985
163996.196867 839100
163996.198085 838346
163996.199299 837658
163996.258640 838325
163996.259872 838886
163996.261033 839335
163996.262249 839642
163996.263598 840097
163996.264704 840432
163996.265934 840772
163996.267219 841064
163996.268297 841210
163996.269592 841437
163996.270784 841587
163996.272044 842958
163996.273211 844150
163996.274350 845104
163996.275623 845925
163996.276880 846776
163996.278052 847474
163996.279258 848100
163996.280510 848645
163996.281703 849104
163996.282900 849542
163996.284141 849925
163996.285251 850196
163996.286560 850491
163996.287751 850726
163996.288946 850943
163996.290165 851160
163996.291370 851299
163996.292580 851431
163996.293822 851649
163996.294988 851763
163996.296217 851823
163996.297424 851932
163996.298644 851962
163996.299842 852036
163996.301075 852141
163996.302280 852217
163996.303485 852253
163996.304654 852246
163996.305889 852246
163996.366448 853495
163996.367641 854550
163996.368936 855611
163996.370088 856476
163996.371291 857087
163996.372499 857723
163996.373710 858258
163996.374927 858638
163996.376208 859178
163996.377340 859482
163996.378583 859801
163996.379771 860006
163996.380951 860193
163996.382140 861531
163996.383363 862829
163996.384569 863877
163996.385792 864758
163996.387058 865620
163996.388235 866345
163996.389463 866956
163996.390691 867525
163996.391912 868045
163996.393104 868452
163996.394330 868913
163996.395545 869234
163996.396719 869504
163996.397943 869771
163996.399145 869985
163996.400356 870168
163996.401541 870317
163996.402748 870411
163996.403974 870555
163996.405191 870659
163996.406385 870726
163996.407622 870788
163996.408844 870901
163996.410044 870969
163996.411232 870994
163996.412457 871050
163996.413683 871156
163996.414895 871228
163996.474214 870050
163996.475469 869077
163996.476645 868115
163996.477977 867446
163996.479140 866823
163996.480325 866248
163996.481539 865752
163996.482788 865355
163996.483970 864904
163996.485234 864629
163996.486404 864317
163996.487610 864078
163996.488814 863909
163996.490078 863836
163996.491182 863648
163996.492400 864692
163996.493640 865655
163996.494845 866478
163996.496059 867147
163996.497288 867785
163996.498492 868320
163996.499723 868785
163996.500956 869205
163996.502153 869560
163996.503364 869854
163996.504594 870127
163996.505787 870391
163996.508170 871794
163996.510552 872974
163996.512990 874071
163996.516652 876252
163996.519072 878150
163996.521488 879771
163996.523946 881251
163996.565117 921292
163996.586971 918836
163996.589290 916591
163996.591717 914553
163996.594217 912870
163996.596629 911370
163996.599119 910112
163996.601433 908925
163996.603919 908021
163996.606259 907090
163996.608735 907553
163996.611195 907973
163996.613646 908369
163996.616061 908679
163996.618441 908891
163996.620867 907949
163996.623216 907074
163996.625740 906384
163996.628062 904469
163996.630530 902822
163996.632972 901429
163996.635398 900178
163996.698289 920804
163996.700787 919467
163996.703211 918412
163996.705586 917435
163996.708072 916561
163996.710455 915771
163996.712963 915093
163996.715262 914491
163996.717693 913900
163996.720232 913587
163996.722623 913239
163996.725087 912926
163996.727486 912587
163996.729927 912330
163996.732237 912037
163996.734709 911837
163996.737149 911745
163996.739600 911598
163996.741964 911477
163996.744406 911380
163996.746812 911239
163996.787086 948989
163996.812164 944187
163996.814599 939948
163996.817073 936265
163996.819416 933017
163996.821911 930194
163996.824309 930100
163996.826717 930035
163996.829132 929885
163996.831597 929927
163996.833976 929915
163996.836414 929797
163996.838886 929774
163996.841312 929696
163996.843727 929659
163996.846097 929559
163996.848555 929612
163996.850982 929643
163996.853435 929682
163996.855847 929672
163996.858280 929720
163996.860694 929732
163996.899334 965999
163996.926091 959129
163996.928437 953035
163996.930882 947666
163996.933311 943052
163996.935769 938983
163996.938189 935441
163996.940600 932353
163996.943055 929703
163996.945429 927295
163996.948030 925391
163996.950314 923571
163996.952717 921910
163996.955202 920516
163996.957533 919213
163996.960059 918233
163996.962351 917206
163996.966021 917546
163996.968412 917780
163996.970849 918016
163996.973251 918177
163996.975691 918356
163997.014407 918613
163997.042266 919935
163997.044778 921251
163997.047151 922325
163997.049636 923318
163997.052070 924162
163997.054451 924856
163997.056939 927931
163997.059303 930581
163997.061732 932862
163997.064189 934960
163997.066613 936617
163997.069033 938204
163997.071470 939628
163997.073796 940713
163997.076266 941822
163997.078658 942616
163997.081079 943441
163997.083533 942978
163997.085955 942572
163997.088375 942223
163997.090807 941925
163997.129492 977937
163997.158552 999809
163997.160992 993524
163997.163411 987924
163997.165845 983089
163997.168258 978759
163997.170677 974957
163997.173144 971716
163997.175521 968768
163997.177948 966258
163997.180373 964053
163997.182808 962106
163997.185226 960391
163997.187693 958937
163997.190088 957623
163997.192514 956599
163997.194955 955675
163997.197390 954898
163997.199796 954194
163997.202222 953571
163997.204620 953003
163997.207064 952528
163997.245728 988346
163997.276098 1011376
163997.278487 1004854
163997.280886 999102
163997.283323 994088
163997.285783 989724
163997.288188 985899
163997.290588 982534
163997.293011 979543
163997.295428 976966
163997.297830 974703
163997.300299 972766
163997.302720 971063
163997.305146 969578
163997.307560 968223
163997.309972 967054
163997.312404 966039
163997.314828 965132
163997.317195 964260
163997.319635 963516
163997.322118 962921
163997.324536 962436
163997.326967 962001
163997.365665 961667
163997.394747 960089
163997.397185 958753
163997.399656 957656
163997.402137 956736
163997.404462 955800
163997.406971 955084
163997.409296 954386
163997.411744 953802
163997.414219 953344
163997.416678 953001
163997.419101 952653
163997.421497 952324
163997.423924 952037
163997.426364 951812
163997.428712 951553
163997.431145 951327
163997.434704 952256
163997.437136 953147
163997.439548 953893
163997.441971 954483
163997.444396 954996
163997.446846 955472
163997.485584 955924
163997.515900 957555
163997.518293 958938
163997.520731 960111
163997.523188 961124
163997.525590 962077
163997.528089 962901
163997.530414 963627
163997.532898 964293
163997.535260 964762
163997.537726 965170
163997.540221 967998
163997.542601 970448
163997.545011 972602
163997.547434 974483
163997.549836 976077
163997.552238 977553
163997.554723 978899
163997.557118 978912
163997.559546 978914
163997.561952 978906
163997.564372 978898
163997.566794 978896
163997.605484 1015127
163997.636991 1039598
163997.639398 1033099
163997.641829 1027461
163997.644263 1022521
163997.646717 1018201
163997.649182 1014478
163997.651543 1011071
163997.654087 1008321
163997.656383 1005722
163997.658943 1003648
163997.661303 1001715
163997.663734 999957
163997.666183 998500
163997.668518 997150
163997.670959 995987
163997.673432 995040
163997.675844 994223
163997.678279 993459
163997.680719 992841
163997.683129 992273
163997.685554 991798
163997.687981 991389
163997.726658 1027287
163997.759376 1052722
163997.761839 1045918
163997.764236 1039965
163997.766636 1034720
163997.769127 1030191
163997.771462 1026088
163997.773934 1022534
163997.776309 1019426
163997.778759 1016598
163997.781236 1014316
163997.783642 1012160
163997.786084 1010368
163997.788500 1008767
163997.790939 1007378
163997.793354 1006241
163997.795694 1005166
163997.798216 1004218
163997.800616 1003415
163997.803046 1002691
163997.805465 1002053
163997.807874 1001481
163997.810263 1000956
163997.812738 1000546
163997.851409 1000175
163997.882940 998665
163997.885258 997205
163997.887774 996046
163997.890180 995037
163997.892617 994101
163997.894983 993310
163997.897446 992608
163997.899939 992116
163997.902299 991595
163997.904768 991127
163997.907194 990741
163997.909624 990389
163997.912075 990115
163997.914419 989779
163997.916915 989556
163997.919289 989427
163997.921719 989193
163997.925283 990165
163997.927706 991015
163997.930137 991762
163997.932552 992423
163997.934983 993062
163997.937419 993563
163997.976156 994068
163998.008936 995757
163998.011289 997273
163998.013747 998536
163998.016137 999624
163998.018578 1000583
163998.020980 1001462
163998.023403 1002176
163998.025885 1002798
163998.028253 1003352
163998.030694 1003809
163998.033127 1004219
163998.035542 1004562
163998.038024 1004893
163998.040431 1005236
163998.042850 1007932
163998.045222 1010185
163998.047671 1012210
163998.050085 1013988
163998.052531 1014404
163998.054952 1014788
163998.057350 1015097
163998.059800 1015387
163998.062220 1015640
163998.100901 1052105
163998.134791 1079146
163998.137172 1072445
163998.139605 1066666
163998.142108 1061649
163998.144466 1057184
163998.146952 1053343
163998.149334 1049965
163998.151761 1047021
163998.154160 1044357
163998.156657 1042155
163998.159142 1040271
163998.161452 1038521
163998.163950 1037053
163998.166348 1035683
163998.168764 1034493
163998.171172 1033441
163998.173665 1032662
163998.176106 1031953
163998.178506 1031316
163998.180930 1030740
163998.183360 1030264
163998.185774 1029810
163998.188207 1029425
163998.226819 1065261
163998.260718 1091884
163998.263149 1083722
163998.265609 1076658
163998.268071 1070507
163998.270457 1064987
163998.272883 1060248
163998.275306 1056034
163998.277728 1052352
163998.280208 1049188
163998.282638 1046457
163998.285075 1044003
163998.287449 1041750
163998.289928 1039942
163998.292386 1038320
163998.294765 1036882
163998.297147 1035589
163998.299589 1034470
163998.302047 1033486
163998.304422 1032585
163998.306851 1031807
163998.309279 1031131
163998.311744 1030554
163998.314132 1030041
163998.316542 1029551
163998.356412 1030430
163998.390313 1031201
163998.392762 1031887
163998.395159 1032427
163998.397670 1032922
163998.400087 1033393
163998.402473 1033766
163998.404932 1034127
163998.407325 1034415
163998.409796 1034658
163998.412242 1034884
163998.414635 1035040
163998.417127 1035287
163998.419455 1035359
163998.421953 1035463
163998.424403 1035617
163998.426756 1035730
163998.429172 1035826
163998.431610 1035885
163998.434057 1036013
163998.436440 1036068
163998.438886 1036142
163998.441269 1036121
163998.443734 1036173
163998.446133 1036213
163998.484819 1035070
163998.518771 1034120
163998.521144 1033214
163998.523616 1032496
163998.526071 1031809
163998.528457 1031159
163998.530841 1030590
163998.533238 1030030
163998.535688 1029576
163998.538143 1029175
163998.540561 1028798
163998.543050 1028570
163998.545469 1028291
163998.547871 1028127
163998.550245 1027860
163998.552699 1027630
163998.555141 1027524
163998.558696 1028582
163998.561123 1029495
163998.563539 1032692
163998.565988 1035485
163998.568391 1037969
163998.570824 1040125
163998.573235 1042042
163998.575672 1043690
163998.615636 1082694
163998.649537 1112042
163998.651973 1106204
163998.654375 1101125
163998.656847 1096679
163998.659198 1092672
163998.661689 1089271
163998.664128 1086367
163998.666521 1083823
163998.668958 1081583
163998.671388 1079596
163998.673869 1077922
163998.676266 1076363
163998.678694 1074977
163998.681078 1073762
163998.683572 1072818
163998.685978 1071946
163998.688318 1071080
163998.690756 1069226
163998.693217 1067637
163998.695670 1066266
163998.698090 1065032
163998.700494 1063974
163998.702929 1063045
163998.705320 1062212
163998.746140 1099862
163998.747663 1094385
163998.781590 1089618
163998.784099 1085517
163998.786413 1081844
163998.788968 1078706
163998.791293 1075913
163998.793771 1073464
163998.796214 1071338
163998.798581 1069440
163998.801076 1067826
163998.803429 1066339
163998.805883 1065018
163998.808258 1063831
163998.810746 1062863
163998.813196 1062081
163998.815588 1061282
163998.818011 1060617
163998.820461 1060159
163998.822859 1059715
163998.825272 1059278
163998.827707 1058870
163998.830136 1060919
163998.832553 1062724
163998.834990 1064334
163998.837421 1065733
163998.878152 1105299
163998.880857 1101827
163998.914890 1131290
163998.917214 1125466
163998.919702 1120326
163998.922144 1115980
163998.924557 1112008
163998.927023 1108678
163998.929402 1105659
163998.931868 1103048
163998.934174 1100702
163998.936691 1098665
163998.939172 1097017
163998.941542 1095482
163998.944010 1094241
163998.946408 1093048
163998.948832 1091994
163998.951248 1091096
163998.953565 1090198
163998.955997 1089378
163998.958482 1088771
163998.960889 1088225
163998.963302 1087727
163998.965748 1087285
163998.968142 1086899
163998.970579 1086560
163999.011085 1124338
163999.012989 1118609
163999.046827 1144720
163999.049202 1135899
163999.051676 1128333
163999.054124 1121672
163999.056501 1115755
163999.058953 1110621
163999.061344 1106059
163999.063797 1102135
163999.066170 1098631
163999.068714 1095800
163999.071104 1093171
163999.073501 1090792
163999.076008 1088842
163999.078429 1087090
163999.080804 1085539
163999.083307 1084257
163999.086831 1084246
163999.089173 1084290
163999.091652 1084343
163999.094075 1084353
163999.096473 1084356
163999.098927 1084393
163999.101336 1084407
163999.103760 1084445
163999.106182 1084464
163999.148577 1086375
163999.182450 1119978
163999.184910 1118029
163999.187294 1116334
163999.189741 1114823
163999.192194 1113470
163999.194580 1112310
163999.197023 1111279
163999.199471 1110433
163999.201868 1109635
163999.204347 1109073
163999.206810 1108490
163999.209235 1108016
163999.211666 1107616
163999.214081 1107172
163999.216503 1106797
163999.218933 1106525
163999.221292 1106132
163999.223704 1104688
163999.226126 1103520
163999.228576 1102473
163999.230964 1101492
163999.233424 1100720
163999.235856 1100022
163999.238241 1099382
163999.240733 1098892
163999.281134 1136446
163999.285449 1131237
163999.319334 1126694
163999.321783 1122706
163999.324172 1119222
163999.326609 1116160
163999.329062 1113477
163999.331461 1111143
163999.333882 1109076
163999.336282 1107215
163999.338746 1105657
163999.341143 1104212
163999.343559 1102897
163999.345977 1101744
163999.348397 1100718
163999.350826 1099846
163999.353239 1099063
163999.355703 1098413
163999.358135 1097923
163999.360503 1097456
163999.362931 1097051
163999.365341 1096660
163999.367771 1096361
163999.370181 1096049
163999.372612 1095769
163999.375058 1097952
163999.377469 1099896
163999.418117 1139746
163999.423490 1139581
163999.457404 1169032
163999.459817 1163344
163999.462237 1158342
163999.464672 1154011
163999.467118 1150230
163999.469521 1146854
163999.471968 1143966
163999.474351 1141404
163999.476812 1139223
163999.479200 1137239
163999.481629 1135533
163999.484062 1134059
163999.486460 1132727
163999.488886 1131592
163999.491310 1130593
163999.493733 1129728
163999.496209 1128983
163999.498579 1128273
163999.501014 1127712
163999.503422 1127207
163999.505844 1126776
163999.508257 1126382
163999.510687 1126059
163999.513095 1125750
163999.515528 1125471
163999.556134 1163423
163999.560387 1160247
163999.594286 1185981
163999.596708 1176998
163999.599141 1169160
163999.601556 1162297
163999.603991 1156290
163999.606392 1150992
163999.608814 1146375
163999.611237 1142286
163999.613718 1138831
163999.616147 1135778
163999.618605 1133174
163999.621027 1130892
163999.623405 1128811
163999.625876 1127095
163999.628296 1125586
163999.630706 1124250
163999.633113 1123066
163999.636706 1123155
163999.639139 1123289
163999.641566 1123396
163999.643984 1123502
163999.646396 1123585
163999.648833 1123681
163999.651249 1123751
163999.653677 1123819
163999.656119 1123912
163999.700927 1128167
163999.733586 1126407
163999.734827 1126077
163999.736007 1124581
163999.737227 1124482
163999.738417 1123165
163999.739635 1123220
163999.740819 1122048
163999.742132 1122321
163999.743276 1121280
163999.744519 1121602
163999.745722 1120696
163999.746982 1121153
163999.748162 1120322
163999.749288 1120711
163999.750568 1119919
163999.751788 1120422
163999.752971 1119586
163999.754245 1120119
163999.755445 1119361
163999.756645 1119866
163999.757857 1119084
163999.759094 1119622
163999.760278 1118885
163999.761514 1119466
163999.762708 1118784
163999.763927 1119390
163999.765123 1118678
163999.766362 1119283
163999.767549 1118575
163999.768760 1119152
163999.769975 1118476
163999.771187 1119082
163999.772390 1118437
163999.773601 1119075
163999.774809 1117258
163999.776021 1116869
163999.777232 1115313
163999.778438 1115142
163999.779663 1113811
163999.780862 1113835
163999.782080 1112668
163999.783284 1112840
163999.784497 1111801
163999.785708 1112070
163999.786977 1111171
163999.788136 1111532
163999.789347 1110651
163999.790556 1111064
163999.791777 1110244
163999.792931 1110672
163999.794129 1109826
163999.795334 1110264
163999.840168 1110687
163999.841401 1112281
163999.874112 1113727
163999.875312 1114952
163999.876532 1115583
163999.877774 1115448
163999.878942 1114102
163999.880175 1111690
163999.881294 1108250
163999.882601 1104109
163999.883780 1099260
163999.886061 1094896
163999.886204 1088748
163999.887405 1082153
163999.888625 1075183
163999.889933 1067957
163999.891053 1060344
163999.892246 1052450
163999.893462 1044330
163999.895918 1037263
163999.898277 1028589
163999.900736 1018604
163999.903176 1007432
163999.906239 995912
163999.984265 1015458
163999.986802 998753
163999.989157 985245
163999.991623 973513
163999.994099 963279
163999.996451 953214
163999.998841 945458
164000.001217 938513
164000.003681 932571
164000.006102 926136
164000.008547 920610
164000.011071 915820
164000.013494 911632
164000.015891 907273
164000.093258 902834
164000.095700 898849
164000.098126 895432
164000.100615 892450
164000.103015 889766
164000.105440 887491
164000.107824 885514
164000.110225 883810
164000.112742 882373
164000.115163 881105
164000.117572 879963
164000.119963 881338
164000.122445 882489
164000.124848 883499
164000.165101 922238
164000.204786 918465
164000.207182 915113
164000.209635 912175
164000.212098 909595
164000.214494 907315
164000.216943 905361
164000.219267 903609
164000.221685 902095
164000.224158 900728
164000.226549 899477
164000.229064 898510
164000.231368 897573
164000.233879 896782
164000.236220 896030
164000.316098 934999
164000.317371 930687
164000.319910 927029
164000.322187 923679
164000.324691 920771
164000.327181 918320
164000.329549 916085
164000.331951 914229
164000.334331 912571
164000.336749 911061
164000.339183 909787
164000.341652 908623
164000.344093 907740
164000.346522 909377
164000.348943 910736
164000.389161 949798
164000.431195 946144
164000.433671 944124
164000.436104 942266
164000.438487 940745
164000.440925 939347
164000.443366 938041
164000.445741 936921
164000.448193 936013
164000.450646 935291
164000.453117 934715
164000.455448 934109
164000.457998 933656
164000.460351 933169
164000.462777 932740
164000.501505 968672
164000.545059 961424
164000.547479 955028
164000.549965 949486
164000.552358 944628
164000.554768 940349
164000.557229 936625
164000.559581 933362
164000.561995 930468
164000.564457 927946
164000.566962 925765
164000.569287 923862
164000.571841 922168
164000.574236 920755
164000.576590 921855
164000.615289 959103
164000.660106 997784
164000.662545 990472
164000.664991 984142
164000.667375 978499
164000.669825 973600
164000.672255 969333
164000.674658 965551
164000.677088 962332
164000.679505 959495
164000.682002 957071
164000.684377 954815
164000.686837 952982
164000.689217 951193
164000.691681 949673
164000.730382 984720
164000.776369 1022681
164000.778825 1013478
164000.781212 1005417
164000.783676 998367
164000.786112 992279
164000.788528 986899
164000.790930 982162
164000.793352 978015
164000.795786 974403
164000.798217 971268
164000.800668 968447
164000.803119 966095
164000.805538 963962
164000.807941 962117
164000.846640 996730
164000.849074 990791
164000.896306 986856
164000.898786 983432
164000.901126 980396
164000.903622 977766
164000.906034 975442
164000.908425 973367
164000.910830 971558
164000.913314 970025
164000.915725 968671
164000.918176 967501
164000.920580 966436
164000.923046 965538
164000.925423 964695
164000.927833 963962
164000.966560 963362
164000.968999 962844
164001.015051 961210
164001.017451 959696
164001.019899 958462
164001.022278 957283
164001.024800 956352
164001.027195 955537
164001.029546 954788
164001.032046 954148
164001.034375 953504
164001.036862 952973
164001.039253 952485
164001.041707 952063
164001.044163 951772
164001.046587 951532
164001.085256 951264
164001.087702 950992
164001.136160 953181
164001.138604 957507
164001.141114 961448
164001.143405 964730
164001.145939 967763
164001.148306 970256
164001.150710 972436
164001.153159 974456
164001.155557 976118
164001.158037 977730
164001.160359 978974
164001.162825 980135
164001.165275 981153
164001.167745 982054
164001.206378 1019050
164001.208816 1015196
164001.253120 1053683
164001.258491 1044272
164001.260958 1036068
164001.263299 1028701
164001.265868 1022554
164001.268237 1016991
164001.270639 1012152
164001.273078 1007979
164001.275419 1004217
164001.277894 1001001
164001.280270 998084
164001.282756 995700
164001.285180 993568
164001.287592 991666
164001.290062 990003
164001.328750 988597
164001.331174 987358
164001.380818 991609
164001.383180 992313
164001.385681 992958
164001.388121 993636
164001.390514 994048
164001.392889 994394
164001.395401 994812
164001.397802 995120
164001.400179 995466
164001.402611 995727
164001.405102 996072
164001.407516 996300
164001.409932 996492
164001.412387 996701
164001.414810 996825
164001.453475 996918
164001.455883 996989
164001.504364 995886
164001.506797 994996
164001.509226 994141
164001.511652 993355
164001.514107 992729
164001.516505 992230
164001.518937 991693
164001.521333 991240
164001.523798 990927
164001.526244 990671
164001.528670 990372
164001.531044 990077
164001.533502 989864
164001.535911 989632
164001.538330 989425
164001.577038 989282
164001.579444 989157
164001.629116 990219
164001.631539 991139
164001.633995 991972
164001.636354 992628
164001.638818 995646
164001.641187 998236
164001.643640 1000526
164001.646086 1002552
164001.648484 1004296
164001.650932 1005828
164001.653327 1007111
164001.655811 1008270
164001.658159 1009288
164001.660625 1010213
164001.663073 1011061
164001.701771 1048081
164001.704170 1044156
164001.747072 1081218
164001.756241 1073168
164001.758731 1066181
164001.761170 1060051
164001.763570 1054731
164001.766051 1050089
164001.768420 1046030
164001.770908 1042511
164001.773253 1039338
164001.775660 1036563
164001.778148 1034175
164001.780536 1032080
164001.783032 1030222
164001.785389 1028637
164001.787849 1027253
164001.790279 1026010
164001.829038 1024988
164001.831359 1024010
164001.883437 1032332
164001.885885 1032895
164001.888267 1033278
164001.890765 1033649
164001.893147 1033965
164001.895653 1034244
164001.898122 1034618
164001.900469 1034802
164001.902908 1035049
164001.905286 1035247
164001.907750 1035392
164001.910217 1035605
164001.912589 1035651
164001.915005 1035761
164001.917442 1035840
164001.919887 1035924
164001.958553 1035892
164001.960976 1035993
164002.011871 1034902
164002.014290 1033921
164002.016702 1033094
164002.019129 1032298
164002.021546 1031618
164002.023971 1030934
164002.026386 1030291
164002.028785 1029770
164002.031227 1029324
164002.033723 1029067
164002.036146 1028792
164002.038599 1028546
164002.041023 1028346
164002.043388 1028144
164002.045856 1027997
164002.048237 1027798
164002.087015 1027749
164002.089371 1027642
164002.141457 1028735
164002.143894 1029713
164002.146279 1030543
164002.148704 1031266
164002.151136 1031913
164002.153579 1032497
164002.155992 1033001
164002.158415 1035843
164002.160904 1038433
164002.163354 1040705
164002.165790 1042632
164002.168198 1044319
164002.170572 1045702
164002.173060 1046969
164002.175466 1048111
164002.177874 1049050
164002.217801 1087408
164002.220240 1084620
164002.263161 1122745
164002.272276 1113176
164002.274709 1104802
164002.277136 1097516
164002.279563 1091139
164002.281962 1085516
164002.284378 1080580
164002.286817 1076279
164002.289228 1072517
164002.291688 1069194
164002.294181 1066328
164002.296593 1063764
164002.299018 1061561
164002.301374 1059645
164002.303840 1057931
164002.306232 1056405
164002.308664 1055101
164002.348561 1053911
164002.351001 1052877
164002.403134 1061170
164002.405514 1061686
164002.407917 1062102
164002.410323 1062449
164002.412751 1062766
164002.415241 1063138
164002.417617 1063407
164002.420049 1063627
164002.422461 1063818
164002.424915 1064017
164002.427285 1064048
164002.429722 1064120
164002.432171 1064207
164002.434603 1064329
164002.437073 1064475
164002.439448 1064569
164002.441919 1064707
164002.481815 1064829
164002.484202 1064882
164002.537487 1066101
164002.539944 1067241
164002.542344 1068235
164002.544767 1069119
164002.547176 1069874
164002.549610 1070475
164002.552050 1071068
164002.554486 1071599
164002.556973 1072130
164002.559314 1072489
164002.561817 1072931
164002.564199 1073269
164002.566628 1073540
164002.569085 1073806
164002.571401 1073885
164002.573907 1074074
164002.576239 1074104
164002.615057 1073051
164002.617428 1072118
164002.671966 1072552
164002.674346 1072858
164002.676812 1073184
164002.679231 1073470
164002.681648 1073729
164002.684097 1073969
164002.686486 1074137
164002.688928 1074282
164002.691309 1074296
164002.693848 1074508
164002.696172 1077002
164002.698657 1079184
164002.701087 1081140
164002.703502 1082838
164002.705846 1084171
164002.708328 1085528
164002.711914 1087811
164002.750672 1126237
164002.753135 1123498
164002.796075 1161678
164002.807592 1152074
164002.810039 1143737
164002.812417 1136325
164002.814861 1129875
164002.817288 1124242
164002.819705 1119270
164002.822095 1114932
164002.824531 1111123
164002.827057 1107958
164002.829464 1105051
164002.831846 1102573
164002.834269 1100341
164002.836692 1098375
164002.839077 1096631
164002.841517 1095199
164002.843969 1093921
164002.847582 1092828
164002.886329 1091862
164002.888737 1090934
164002.943215 1101686
164002.945682 1102035
164002.948117 1102330
164002.950511 1102602
164002.952983 1102862
164002.955344 1103026
164002.957780 1103188
164002.960196 1103360
164002.962619 1103496
164002.965073 1103533
164002.967487 1103578
164002.969929 1103669
164002.972300 1103717
164002.974777 1103814
164002.977178 1103905
164002.979621 1103991
164002.982038 1104037
164002.985658 1104081
164003.024362 1104079
164003.026792 1104101
164003.082522 1105378
164003.084999 1106503
164003.087368 1107420
164003.089831 1108293
164003.092263 1109003
164003.094699 1109702
164003.097127 1110302
164003.099529 1110801
164003.102047 1111345
164003.104408 1111727
164003.106837 1112077
164003.109184 1112291
164003.111685 1112616
164003.114115 1112852
164003.116532 1113081
164003.118983 1113282
164003.121408 1113473
164003.123839 1112440
164003.162506 1111504
164003.165021 1110766
164003.221855 1111230
164003.224231 1111507
164003.226815 1111992
164003.229126 1112258
164003.231516 1112429
164003.234017 1112650
164003.236397 1112788
164003.238807 1112922
164003.241251 1112967
164003.243731 1113118
164003.246178 1113293
164003.248588 1113506
164003.251027 1113628
164003.253405 1116095
164003.255786 1118191
164003.258267 1120111
164003.261874 1122930
164003.263108 1121800
164003.264230 1121920
164003.301789 1120910
164003.302963 1121187
164003.304192 1120161
164003.305367 1120423
164003.359934 1118409
164003.361091 1117790
164003.362279 1116093
164003.363516 1115834
164003.364831 1114344
164003.365954 1114148
164003.367134 1112850
164003.368324 1112894
164003.369603 1111833
164003.370794 1112084
164003.372073 1111087
164003.373219 1111348
164003.374394 1110386
164003.375644 1110779
164003.376921 1110002
164003.378101 1110486
164003.379265 1109642
164003.380541 1110151
164003.381759 1109358
164003.382950 1109842
164003.384218 1109110
164003.385283 1109524
164003.386541 1108740
164003.387777 1109278
164003.389004 1108551
164003.390166 1109063
164003.391406 1108389
164003.392629 1109007
164003.393794 1108364
164003.395037 1109031
164003.396234 1108305
164003.397483 1108900
164003.399900 1108272
164003.401087 1108895
164003.402322 1109470
164003.403528 1110031
164003.441093 1111278
164003.442234 1110388
164003.497952 1109585
164003.499164 1107752
164003.500393 1104820
164003.501611 1101166
164003.502804 1096699
164003.504110 1091609
164003.505221 1085949
164003.506478 1079724
164003.507657 1073112
164003.508943 1066105
164003.510084 1058676
164003.511296 1051058
164003.512502 1043140
164003.514917 1036223
164003.518575 1028990
164003.557323 1054135
164003.559844 1039954
164003.617874 1029858
164003.620290 1020997
164003.622701 1013246
164003.625125 1006466
164003.627567 1000542
164003.629965 995329
164003.632477 990865
164003.634816 986872
164003.673600 1018503
164003.676074 1009903
164003.719141 1042921
164003.736564 1031224
164003.739083 1021088
164003.741440 1012170
164003.743904 1004401
164003.746256 997508
164003.748706 993908
164003.751190 990822
164003.753543 988003
164003.792264 1021919
164003.794700 1015252
164003.837114 1049359
164003.856468 1055491
164003.858918 1045878
164003.861290 1037321
164003.863724 1029909
164003.866127 1023361
164003.868559 1017711
164003.870979 1012738
164003.873408 1008331
164003.912151 1040865
164003.914583 1033042
164003.955817 1064991
164003.978783 1054164
164003.981195 1044653
164003.983623 1036386
164003.986059 1029155
164003.988468 1022834
164003.990896 1017296
164003.993322 1014862
164003.995745 1012726
164004.034555 1047257
164004.036998 1041175
164004.078128 1074549
164004.099982 1084355
164004.102352 1072355
164004.104753 1061843
164004.107208 1052672
164004.109621 1044626
164004.112070 1037625
164004.114481 1031478
164004.116951 1026147
164004.155635 1057743
164004.158150 1049083
164004.199254 1080164
164004.221116 1088104
164004.223506 1075575
164004.225965 1064700
164004.228332 1055168
164004.230769 1046806
164004.233147 1039458
164004.235594 1032972
164004.238111 1027443
164004.240477 1022495
164004.280407 1019434
164004.282886 1016714
164004.324097 1014444
164004.345887 1012354
164004.348244 1010526
164004.350676 1008902
164004.353159 1007596
164004.355522 1006376
164004.357921 1005333
164004.360344 1004385
164004.362856 1003559
164004.365189 1002800
164004.406369 1003389
164004.408840 1003900
164004.450032 1004322
164004.471901 1004764
164004.474188 1005088
164004.476649 1005400
164004.479095 1005631
164004.481475 1005858
164004.483974 1006156
164004.486314 1006334
164004.488768 1006428
164004.491168 1006563
164004.533521 1007867
164004.535961 1011431
164004.577140 1053270
164004.578339 1049895
164004.600133 1046861
164004.602577 1044368
164004.604995 1042149
164004.607408 1040169
164004.609853 1038506
164004.612239 1036939
164004.614670 1035657
164004.617107 1034519
164004.619561 1033574
164004.660677 1031514
164004.663106 1029697
164004.704290 1028111
164004.726145 1047374
164004.728552 1044807
164004.730946 1042542
164004.733377 1040535
164004.735860 1038889
