163994.504527 2147483647
163994.504612 2147483647
163994.709436 2147483647
163994.709456 2147483647
163994.709468 2147483647
163994.709478 2147483647
163994.709488 2147483647
163994.709498 2147483647
163994.709508 2147483647
163994.709517 2147483647
163994.709526 2147483647
163994.709537 2147483647
163994.811274 2147483647
163994.811297 2147483647
163994.811325 2147483647
163994.812521 2147483647
163994.812529 2147483647
163994.812539 2147483647
163994.813748 2147483647
163994.813756 2147483647
163994.813766 2147483647
163994.814879 2147483647
163994.814887 2147483647
163994.814896 2147483647
163994.816128 2147483647
163994.816136 2147483647
163994.816145 2147483647
163994.817319 2147483647
163994.817353 2147483647
163994.817396 2147483647
163994.818551 2147483647
163994.818559 2147483647
163994.818568 2147483647
163994.819752 2147483647
163994.819760 2147483647
163994.819769 2147483647
163994.820950 2147483647
163994.820958 2147483647
163994.820967 2147483647
163994.822209 2147483647
163994.822238 2147483647
163994.822256 2147483647
163994.926399 2147483647
163994.926413 2147483647
163994.926436 2147483647
163994.927587 2147483647
163994.927597 2147483647
163994.927624 2147483647
163994.928866 2147483647
163994.928875 2147483647
163994.928888 2147483647
163994.930048 2147483647
163994.930058 2147483647
163994.930090 2147483647
163994.931235 2147483647
163994.931244 2147483647
163994.931263 2147483647
163994.932446 2147483647
163994.932454 2147483647
163994.932465 2147483647
163994.933655 2147483647
163994.933663 2147483647
163994.933673 2147483647
163994.934812 2147483647
163994.934821 2147483647
163994.934831 2147483647
163994.936099 2147483647
163994.936108 2147483647
163994.936118 2147483647
163994.937296 2147483647
163994.937305 2147483647
163994.937316 2147483647
163994.938494 2147483647
163994.938503 2147483647
163994.938514 2147483647
163994.939703 2147483647
163994.939712 2147483647
163994.939733 2147483647
163994.940960 2147483647
163994.941055 2147483647
163994.941101 2147483647
163994.942172 2147483647
163994.942182 2147483647
163994.942204 2147483647
163994.943327 2147483647
163994.943335 2147483647
163994.943355 2147483647
163994.944555 2147483647
163994.944564 2147483647
163994.944576 2147483647
163994.945800 2147483647
163994.945808 2147483647
163994.945819 2147483647
163994.946968 2147483647
163994.946976 2147483647
163994.946987 2147483647
163994.948184 2147483647
163994.948199 2147483647
163994.948215 2147483647
163994.949399 2147483647
163994.949420 2147483647
163994.949432 2147483647
163995.052313 2147483647
163995.052319 2147483647
163995.052327 2147483647
163995.053479 2147483647
163995.053485 2147483647
163995.053492 2147483647
163995.054744 2147483647
163995.054750 2147483647
163995.054757 2147483647
163995.055901 2147483647
163995.055907 2147483647
163995.055914 2147483647
163995.057180 2147483647
163995.057185 2147483647
163995.057193 2147483647
163995.058341 2147483647
163995.058346 2147483647
163995.058353 2147483647
163995.059556 2147483647
163995.059561 2147483647
163995.059568 2147483647
163995.060749 2147483647
163995.060754 2147483647
163995.060761 2147483647
163995.062023 2147483647
163995.062028 2147483647
163995.062035 2147483647
163995.063232 2147483647
163995.063237 2147483647
163995.063280 2147483647
163995.064394 2147483647
163995.064400 2147483647
163995.064407 2147483647
163995.065577 2147483647
163995.065582 2147483647
163995.065589 2147483647
163995.066885 2147483647
163995.066890 2147483647
163995.066898 2147483647
163995.068040 2147483647
163995.068045 2147483647
163995.068052 2147483647
163995.069256 2147483647
163995.069261 2147483647
163995.069268 2147483647
163995.070439 2147483647
163995.070444 2147483647
163995.070451 2147483647
163995.071715 2147483647
163995.071721 2147483647
163995.071728 2147483647
163995.072871 2147483647
163995.072876 2147483647
163995.072882 2147483647
163995.074070 2147483647
163995.074075 2147483647
163995.074096 2147483647
163995.075260 2147483647
163995.075264 2147483647
163995.075270 2147483647
163995.076492 2147483647
163995.076497 2147483647
163995.076503 2147483647
163995.077705 2147483647
163995.077709 2147483647
163995.077716 2147483647
163995.078913 2147483647
163995.078918 2147483647
163995.078924 2147483647
163995.080089 2147483647
163995.080094 2147483647
163995.080111 2147483647
163995.081333 2147483647
163995.081338 2147483647
163995.081344 2147483647
163995.082542 2147483647
163995.083799 32
163995.086152 32
163995.088579 32
163995.191642 32
163995.194115 32
163995.196465 32
163995.198955 32
163995.201314 32
163995.203750 32
163995.206177 32
163995.208622 32
163995.212176 32
163995.212187 32
163995.213371 32
163995.213395 32
163995.214612 32
163995.214622 32
163995.215849 32
163995.215859 32
163995.217118 32
163995.217144 32
163995.218237 32
163995.218247 32
163995.219463 32
163995.219478 32
163995.220725 32
163995.220735 32
163995.221885 32
163995.221895 32
163995.223104 32
163995.223137 32
163995.224312 32
163995.225553 32
163995.226842 32
163995.281226 32
163995.282509 32
163995.283904 32
163995.284912 32
163995.286171 32
163995.287335 32
163995.288560 32
163995.289683 32
163995.290969 32
163995.292235 32
163995.293411 32
163995.294599 32
163995.295807 32
163995.297039 32
163995.298236 32
163995.299381 32
163995.300574 32
163995.301885 32
163995.303058 32
163995.304204 32
163995.305502 32
163995.306692 32
163995.307903 32
163995.309188 32
163995.310281 32
163995.311586 32
163995.312732 32
163995.314020 32
163995.315131 32
163995.316366 32
163995.316387 32
163995.317612 32
163995.372140 32
163995.373252 32
163995.374511 32
163995.375743 32
163995.376955 32
163995.378190 32
163995.379331 32
163995.380684 32
163995.381795 32
163995.383114 32
163995.384190 32
163995.385468 32
163995.386709 32
163995.387944 32
163995.389088 32
163995.390305 32
163995.391450 32
163995.392720 32
163995.393942 32
163995.395122 32
163995.396310 32
163995.397524 32
163995.398798 32
163995.399982 32
163995.401260 32
163995.402342 32
163995.403610 32
163995.404824 32
163995.405993 32
163995.407220 32
163995.408405 32
163995.408414 32
163995.408426 32
163995.409630 32
163995.464124 32
163995.465348 32
163995.466542 32
163995.467828 32
163995.469011 32
163995.470178 32
163995.471376 32
163995.472671 32
163995.473895 32
163995.475178 32
163995.476307 32
163995.477517 32
163995.478707 32
163995.479990 32
163995.481122 32
163995.482367 32
163995.483550 32
163995.484743 32
163995.485951 32
163995.487135 32
163995.488358 32
163995.489585 32
163995.490761 32
163995.492021 32
163995.493224 32
163995.494422 32
163995.495626 32
163995.496841 32
163995.498044 32
163995.499270 32
163995.500458 32
163995.501763 32
163995.502901 32
163995.502909 32
163995.502920 32
163995.558629 32
163995.559821 32
163995.561171 32
163995.562294 32
163995.563492 32
163995.564705 32
163995.565974 32
163995.567154 32
163995.568353 32
163995.569569 32
163995.570791 32
163995.571959 32
163995.573291 32
163995.574387 32
163995.575616 32
163995.576820 32
163995.578093 32
163995.579263 32
163995.580424 32
163995.581628 32
163995.582860 32
163995.584066 32
163995.585249 32
163995.586460 32
163995.587678 32
163995.588923 32
163995.590114 32
163995.591311 32
163995.592556 32
163995.593736 32
163995.594973 32
163995.596157 32
163995.597319 32
163995.598570 32
163995.653076 32
163995.653084 32
163995.653094 32
163995.654266 32
163995.655490 32
163995.656736 32
163995.657901 32
163995.659210 32
163995.660339 32
163995.661596 32
163995.662795 32
163995.664068 32
163995.665194 32
163995.666444 32
163995.667641 32
163995.668913 32
163995.670075 32
163995.671314 32
163995.672474 32
163995.673694 32
163995.674899 32
163995.676098 32
163995.677265 32
163995.678499 32
163995.679714 32
163995.680971 32
163995.682178 32
163995.683342 32
163995.684572 32
163995.685795 32
163995.687010 32
163995.688208 32
163995.689441 32
163995.690636 32
163995.693061 32
163995.694237 32
163995.750025 32
163995.751305 32
163995.752443 32
163995.752451 32
163995.752464 32
163995.753652 32
163995.754872 32
163995.756097 32
163995.757315 32
163995.758494 32
163995.759701 32
163995.760974 32
163995.762159 32
163995.763364 32
163995.764524 32
163995.765783 32
163995.766980 32
163995.768261 32
163995.769418 32
163995.770649 32
163995.771846 32
163995.773028 32
163995.774233 32
163995.775450 32
163995.776677 32
163995.777876 32
163995.779079 32
163995.780301 32
163995.781533 32
163995.782729 32
163995.783949 32
163995.785144 32
163995.786360 32
163995.787558 32
163995.788775 32
163995.790002 32
163995.791242 32
163995.848115 32
163995.849395 32
163995.850546 32
163995.851768 32
163995.852974 32
163995.852995 32
163995.853019 32
163995.854297 32
163995.855380 32
163995.856562 32
163995.857827 32
163995.859094 32
163995.860218 32
163995.861459 32
163995.862630 32
163995.863931 32
163995.865104 32
163995.866289 32
163995.867517 32
163995.868797 32
163995.869983 32
163995.871190 32
163995.872401 32
163995.873597 32
163995.874746 32
163995.875999 32
163995.877245 32
163995.878405 32
163995.879634 32
163995.880854 32
163995.882067 32
163995.883244 32
163995.884457 32
163995.885675 32
163995.886876 32
163995.888106 32
163995.889309 32
163995.890508 32
163995.948639 32
163995.949796 32
163995.951170 32
163995.952284 32
163995.953527 32
163995.954698 32
163995.955937 32
163995.955947 32
163995.955961 32
163995.957160 32
163995.958358 32
163995.959538 32
163995.960789 32
163995.961996 32
163995.963297 32
163995.964429 32
163995.965662 32
163995.966837 32
163995.968120 32
163995.969238 32
163995.970489 32
163995.971719 32
163995.972931 32
163995.974104 32
163995.975360 32
163995.976569 32
163995.977785 32
163995.978976 32
163995.980179 32
163995.981432 32
163995.982586 32
163995.983757 32
163995.985005 32
163995.986232 32
163995.987368 32
163995.988628 32
163995.989822 32
163995.991101 32
163995.992327 32
163996.049143 32
163996.050350 32
163996.051543 32
163996.052807 32
163996.053939 32
163996.055203 32
163996.056437 32
163996.057708 32
163996.058829 32
163996.058838 32
163996.058850 32
163996.060190 32
163996.061296 32
163996.062521 32
163996.063720 32
163996.065001 32
163996.066168 32
163996.067302 32
163996.068580 32
163996.069808 32
163996.071015 32
163996.072243 32
163996.073448 32
163996.074526 32
163996.075852 32
163996.077084 32
163996.078223 32
163996.079435 32
163996.080643 32
163996.081906 32
163996.083130 32
163996.084285 32
163996.085466 32
163996.086648 32
163996.087921 32
163996.090315 32
163996.091542 32
163996.092755 32
163996.093952 32
163996.095195 32
163996.153267 32
163996.154521 32
163996.155725 32
163996.157028 32
163996.158189 32
163996.159358 32
163996.160540 32
163996.161831 32
163996.163019 32
163996.164214 32
163996.165438 32
163996.165458 32
163996.165494 32
163996.166651 32
163996.167881 32
163996.169165 32
163996.170289 32
163996.171508 32
163996.172697 32
163996.173952 32
163996.175163 32
163996.176323 32
163996.177566 32
163996.178740 32
163996.179991 32
163996.181206 32
163996.182390 32
163996.183582 32
163996.184838 32
163996.186038 32
163996.187178 32
163996.188419 32
163996.189688 32
163996.190839 32
163996.192124 32
163996.193284 32
163996.194466 32
163996.195688 32
163996.196933 32
163996.198140 32
163996.199365 32
163996.258670 32
163996.259901 32
163996.261059 32
163996.262274 32
163996.263622 32
163996.264728 32
163996.265962 32
163996.267267 32
163996.268339 32
163996.269640 32
163996.270832 32
163996.272093 32
163996.273257 32
163996.273266 32
163996.273279 32
163996.274375 32
163996.275671 32
163996.276929 32
163996.278104 32
163996.279313 32
163996.280561 32
163996.281755 32
163996.282952 32
163996.284193 32
163996.285312 32
163996.286612 32
163996.287796 32
163996.288989 32
163996.290212 32
163996.291427 32
163996.292623 32
163996.293867 32
163996.295031 32
163996.296270 32
163996.297498 32
163996.298729 32
163996.299884 32
163996.301114 32
163996.302338 32
163996.303529 32
163996.304696 32
163996.305930 32
163996.366489 32
163996.367699 32
163996.368974 32
163996.370133 32
163996.371334 32
163996.372548 32
163996.373754 32
163996.374966 32
163996.376252 32
163996.377396 32
163996.378639 32
163996.379809 32
163996.380974 32
163996.382163 32
163996.383383 32
163996.383391 32
163996.383400 32
163996.384591 32
163996.385815 32
163996.387082 32
163996.388257 32
163996.389485 32
163996.390718 32
163996.391939 32
163996.393150 32
163996.394375 32
163996.395590 32
163996.396757 32
163996.397969 32
163996.399192 32
163996.400402 32
163996.401576 32
163996.402772 32
163996.404011 32
163996.405222 32
163996.406421 32
163996.407643 32
163996.408890 32
163996.410099 32
163996.411279 32
163996.412496 32
163996.413721 32
163996.414921 32
163996.474266 32
163996.475508 32
163996.476681 32
163996.478022 32
163996.479183 32
163996.480369 32
163996.481581 32
163996.482832 32
163996.484023 32
163996.485274 32
163996.486457 32
163996.487653 32
163996.488856 32
163996.490120 32
163996.491208 32
163996.492450 32
163996.493680 32
163996.493690 32
163996.493712 32
163996.494890 32
163996.496082 32
163996.497333 32
163996.498537 32
163996.499754 32
163996.500998 32
163996.502205 32
163996.503415 32
163996.504646 32
163996.505840 32
163996.508200 32
163996.508213 32
163996.510600 32
163996.510613 32
163996.513048 32
163996.513072 32
163996.516680 32
163996.516692 32
163996.519128 32
163996.519154 32
163996.521514 32
163996.521525 32
163996.523971 32
163996.523982 32
163996.565142 32
163996.587011 32
163996.587024 32
163996.589322 32
163996.589333 32
163996.591750 32
163996.591761 32
163996.594254 32
163996.594267 32
163996.596663 32
163996.596674 32
163996.599156 32
163996.599169 32
163996.601467 32
163996.601478 32
163996.603959 32
163996.603973 32
163996.606295 32
163996.606307 32
163996.608761 32
163996.608772 32
163996.611232 32
163996.611245 32
163996.613696 32
163996.613709 32
163996.616097 32
163996.616110 32
163996.618475 32
163996.618488 32
163996.620894 32
163996.620905 32
163996.623249 32
163996.623261 32
163996.625767 32
163996.625778 32
163996.628124 32
163996.628136 32
163996.630557 32
163996.630568 32
163996.632997 32
163996.633032 32
163996.635423 32
163996.635435 32
163996.698346 32
163996.698360 32
163996.700816 32
163996.700829 32
163996.703263 32
163996.703277 32
163996.705632 32
163996.705645 32
163996.708098 32
163996.708108 32
163996.708120 32
163996.708128 32
163996.710507 32
163996.710520 32
163996.713015 32
163996.713028 32
163996.715308 32
163996.715320 32
163996.717736 32
163996.717748 32
163996.720280 32
163996.720294 32
163996.722672 32
163996.722685 32
163996.725156 32
163996.725169 32
163996.727538 32
163996.727552 32
163996.729975 32
163996.729989 32
163996.732293 32
163996.732307 32
163996.734738 32
163996.734750 32
163996.737178 32
163996.737190 32
163996.739632 32
163996.739646 32
163996.742009 32
163996.742023 32
163996.744454 32
163996.744468 32
163996.746839 32
163996.746851 32
163996.787111 32
163996.812216 32
163996.812236 32
163996.814641 32
163996.814653 32
163996.817124 32
163996.817138 32
163996.819468 32
163996.819480 32
163996.821958 32
163996.821972 32
163996.824361 32
163996.824375 32
163996.826759 32
163996.826770 32
163996.829163 32
163996.829192 32
163996.831626 32
163996.831638 32
163996.834024 32
163996.834037 32
163996.836462 32
163996.836475 32
163996.838933 32
163996.838946 32
163996.841359 32
163996.841372 32
163996.843775 32
163996.843788 32
163996.846144 32
163996.846170 32
163996.848601 32
163996.848614 32
163996.851032 32
163996.851044 32
163996.853485 32
163996.853500 32
163996.855893 32
163996.855906 32
163996.858338 32
163996.858352 32
163996.860742 32
163996.860755 32
163996.899356 32
163996.899366 32
163996.926119 32
163996.926143 32
163996.928471 32
163996.928481 32
163996.930923 32
163996.930935 32
163996.933353 32
163996.933365 32
163996.935812 32
163996.935824 32
163996.938228 32
163996.938237 32
163996.938248 32
163996.938255 32
163996.940648 32
163996.940661 32
163996.943111 32
163996.943128 32
163996.945472 32
163996.945484 32
163996.948074 32
163996.948086 32
163996.950356 32
163996.950368 32
163996.952759 32
163996.952770 32
163996.955246 32
163996.955258 32
163996.957557 32
163996.957567 32
163996.960122 32
163996.960137 32
163996.962411 32
163996.962428 32
163996.966055 32
163996.966066 32
163996.968477 32
163996.968494 32
163996.970891 32
163996.970912 32
163996.973312 32
163996.973335 32
163996.975729 32
163996.975741 32
163997.014429 32
163997.014439 32
163997.042291 32
163997.042302 32
163997.044809 32
163997.044823 32
163997.047180 32
163997.047191 32
163997.049688 32
163997.049702 32
163997.052122 32
163997.052135 32
163997.054503 32
163997.054516 32
163997.056992 32
163997.057005 32
163997.059349 32
163997.059373 32
163997.061783 32
163997.061797 32
163997.064236 32
163997.064249 32
163997.066666 32
163997.066679 32
163997.069085 32
163997.069099 32
163997.071522 32
163997.071536 32
163997.073824 32
163997.073836 32
163997.076293 32
163997.076306 32
163997.078685 32
163997.078696 32
163997.081126 32
163997.081139 32
163997.083560 32
163997.083571 32
163997.085981 32
163997.085992 32
163997.088402 32
163997.088414 32
163997.090833 32
163997.090844 32
163997.129515 32
163997.129526 32
163997.158577 32
163997.158587 32
163997.161022 32
163997.161033 32
163997.163441 32
163997.163451 32
163997.165875 32
163997.165885 32
163997.168288 32
163997.168298 32
163997.170706 32
163997.170717 32
163997.173176 32
163997.173187 32
163997.175546 32
163997.175554 32
163997.175563 32
163997.175570 32
163997.177976 32
163997.177985 32
163997.180400 32
163997.180410 32
163997.182830 32
163997.182839 32
163997.185250 32
163997.185260 32
163997.187719 32
163997.187730 32
163997.190116 32
163997.190133 32
163997.192540 32
163997.192550 32
163997.194981 32
163997.194992 32
163997.197428 32
163997.197447 32
163997.199847 32
163997.199857 32
163997.202274 32
163997.202284 32
163997.204655 32
163997.204666 32
163997.207098 32
163997.207116 32
163997.245749 32
163997.245758 32
163997.276115 32
163997.276123 32
163997.278510 32
163997.278519 32
163997.280910 32
163997.280918 32
163997.283347 32
163997.283355 32
163997.285807 32
163997.285815 32
163997.288212 32
163997.288220 32
163997.290610 32
163997.290617 32
163997.293030 32
163997.293038 32
163997.295452 32
163997.295460 32
163997.297851 32
163997.297858 32
163997.300323 32
163997.300332 32
163997.302744 32
163997.302752 32
163997.305170 32
163997.305178 32
163997.307584 32
163997.307592 32
163997.309995 32
163997.310003 32
163997.312427 32
163997.312436 32
163997.314861 32
163997.314873 32
163997.317213 32
163997.317221 32
163997.319658 32
163997.319666 32
163997.322147 32
163997.322160 32
163997.324575 32
163997.324587 32
163997.326997 32
163997.327028 32
163997.365699 32
163997.365710 32
163997.394780 32
163997.394792 32
163997.397217 32
163997.397227 32
163997.399693 32
163997.399705 32
163997.402164 32
163997.402176 32
163997.404499 32
163997.404511 32
163997.407006 32
163997.407018 32
163997.409328 32
163997.409339 32
163997.411780 32
163997.411793 32
163997.414256 32
163997.414269 32
163997.416715 32
163997.416724 32
163997.416738 32
163997.416746 32
163997.419139 32
163997.419152 32
163997.421536 32
163997.421550 32
163997.423964 32
163997.423977 32
163997.426417 32
163997.426431 32
163997.428741 32
163997.428753 32
163997.431171 32
163997.431183 32
163997.434731 32
163997.434743 32
163997.437168 32
163997.437180 32
163997.439583 32
163997.439596 32
163997.442006 32
163997.442018 32
163997.444422 32
163997.444434 32
163997.446879 32
163997.446891 32
163997.485618 32
163997.485630 32
163997.515936 32
163997.515950 32
163997.518320 32
163997.518330 32
163997.520761 32
163997.520771 32
163997.523211 32
163997.523222 32
163997.525620 32
163997.525630 32
163997.528129 32
163997.528142 32
163997.530444 32
163997.530454 32
163997.532930 32
163997.532942 32
163997.535290 32
163997.535301 32
163997.537767 32
163997.537780 32
163997.540265 32
163997.540277 32
163997.542634 32
163997.542645 32
163997.545043 32
163997.545055 32
163997.547467 32
163997.547478 32
163997.549868 32
163997.549879 32
163997.552268 32
163997.552279 32
163997.554753 32
163997.554764 32
163997.557142 32
163997.557153 32
163997.559579 32
163997.559590 32
163997.561983 32
163997.561994 32
163997.564403 32
163997.564414 32
163997.566824 32
163997.566835 32
163997.605520 32
163997.605531 32
163997.637040 32
163997.637059 32
163997.639439 32
163997.639450 32
163997.641875 32
163997.641901 32
163997.644304 32
163997.644315 32
163997.646778 32
163997.646791 32
163997.649213 32
163997.649227 32
163997.651589 32
163997.651601 32
163997.654146 32
163997.654159 32
163997.656430 32
163997.656443 32
163997.658994 32
163997.659008 32
163997.661344 32
163997.661355 32
163997.663782 32
163997.663791 32
163997.663805 32
163997.663820 32
163997.666235 32
163997.666249 32
163997.668570 32
163997.668584 32
163997.670989 32
163997.671028 32
163997.673519 32
163997.673533 32
163997.675892 32
163997.675905 32
163997.678344 32
163997.678357 32
163997.680767 32
163997.680780 32
163997.683196 32
163997.683225 32
163997.685603 32
163997.685624 32
163997.688029 32
163997.688050 32
163997.726712 32
163997.726726 32
163997.759429 32
163997.759442 32
163997.761887 32
163997.761900 32
163997.764285 32
163997.764298 32
163997.766685 32
163997.766698 32
163997.769174 32
163997.769187 32
163997.771514 32
163997.771528 32
163997.773986 32
163997.774000 32
163997.776356 32
163997.776370 32
163997.778807 32
163997.778820 32
163997.781288 32
163997.781302 32
163997.783690 32
163997.783703 32
163997.786135 32
163997.786150 32
163997.788553 32
163997.788567 32
163997.790992 32
163997.791006 32
163997.793418 32
163997.793433 32
163997.795724 32
163997.795738 32
163997.798276 32
163997.798302 32
163997.800664 32
163997.800677 32
163997.803087 32
163997.803109 32
163997.805514 32
163997.805535 32
163997.807923 32
163997.807945 32
163997.810292 32
163997.810305 32
163997.812786 32
163997.812799 32
163997.851456 32
163997.851479 32
163997.882990 32
163997.883003 32
163997.885306 32
163997.885318 32
163997.887826 32
163997.887840 32
163997.890232 32
163997.890246 32
163997.892666 32
163997.892681 32
163997.895029 32
163997.895042 32
163997.897508 32
163997.897521 32
163997.899993 32
163997.900007 32
163997.902351 32
163997.902365 32
163997.904819 32
163997.904834 32
163997.907242 32
163997.907256 32
163997.909673 32
163997.909686 32
163997.912124 32
163997.912137 32
163997.914467 32
163997.914477 32
163997.914491 32
163997.914500 32
163997.916964 32
163997.916977 32
163997.919359 32
163997.919372 32
163997.921767 32
163997.921781 32
163997.925352 32
163997.925374 32
163997.927755 32
163997.927776 32
163997.930181 32
163997.930193 32
163997.932609 32
163997.932631 32
163997.935030 32
163997.935043 32
163997.937467 32
163997.937481 32
163997.976221 32
163997.976240 32
163998.008967 32
163998.008980 32
163998.011318 32
163998.011330 32
163998.013778 32
163998.013791 32
163998.016212 32
163998.016226 32
163998.018630 32
163998.018645 32
163998.021031 32
163998.021046 32
163998.023447 32
163998.023459 32
163998.025933 32
163998.025947 32
163998.028301 32
163998.028314 32
163998.030743 32
163998.030756 32
163998.033156 32
163998.033168 32
163998.035589 32
163998.035602 32
163998.038073 32
163998.038086 32
163998.040479 32
163998.040492 32
163998.042898 32
163998.042911 32
163998.045251 32
163998.045263 32
163998.047718 32
163998.047732 32
163998.050137 32
163998.050148 32
163998.052578 32
163998.052591 32
163998.054981 32
163998.054993 32
163998.057426 32
163998.057445 32
163998.059851 32
163998.059865 32
163998.062291 32
163998.062312 32
163998.100927 32
163998.100937 32
163998.134815 32
163998.134825 32
163998.137198 32
163998.137208 32
163998.139629 32
163998.139639 32
163998.142152 32
163998.142164 32
163998.144488 32
163998.144498 32
163998.146977 32
163998.146988 32
163998.149377 32
163998.149404 32
163998.151813 32
163998.151827 32
163998.154208 32
163998.154221 32
163998.156709 32
163998.156723 32
163998.159188 32
163998.159202 32
163998.161504 32
163998.161518 32
163998.164002 32
163998.164016 32
163998.166399 32
163998.166413 32
163998.168815 32
163998.168830 32
163998.171237 32
163998.171246 32
163998.171269 32
163998.171282 32
163998.173724 32
163998.173739 32
163998.176148 32
163998.176166 32
163998.178558 32
163998.178573 32
163998.180982 32
163998.180996 32
163998.183431 32
163998.183452 32
163998.185827 32
163998.185849 32
163998.188278 32
163998.188297 32
163998.226841 32
163998.226852 32
163998.260741 32
163998.260751 32
163998.263177 32
163998.263187 32
163998.265636 32
163998.265648 32
163998.268122 32
163998.268134 32
163998.270502 32
163998.270515 32
163998.272927 32
163998.272940 32
163998.275350 32
163998.275363 32
163998.277773 32
163998.277785 32
163998.280253 32
163998.280266 32
163998.282684 32
163998.282696 32
163998.285120 32
163998.285132 32
163998.287500 32
163998.287514 32
163998.289973 32
163998.289985 32
163998.292431 32
163998.292443 32
163998.294817 32
163998.294830 32
163998.297191 32
163998.297203 32
163998.299612 32
163998.299622 32
163998.302085 32
163998.302118 32
163998.304444 32
163998.304454 32
163998.306886 32
163998.306898 32
163998.309306 32
163998.309318 32
163998.311776 32
163998.311789 32
163998.314169 32
163998.314183 32
163998.316573 32
163998.316587 32
163998.356437 32
163998.356447 32
163998.390337 32
163998.390346 32
163998.392786 32
163998.392796 32
163998.395184 32
163998.395193 32
163998.397697 32
163998.397709 32
163998.400132 32
163998.400144 32
163998.402518 32
163998.402530 32
163998.404977 32
163998.404989 32
163998.407390 32
163998.407403 32
163998.409848 32
163998.409862 32
163998.412294 32
163998.412309 32
163998.414680 32
163998.414692 32
163998.417179 32
163998.417192 32
163998.419500 32
163998.419512 32
163998.421998 32
163998.422010 32
163998.424448 32
163998.424460 32
163998.426795 32
163998.426807 32
163998.429200 32
163998.429210 32
163998.431631 32
163998.431639 32
163998.431650 32
163998.431657 32
163998.434081 32
163998.434119 32
163998.436463 32
163998.436473 32
163998.438911 32
163998.438922 32
163998.441292 32
163998.441303 32
163998.443759 32
163998.443770 32
163998.446161 32
163998.446172 32
163998.484843 32
163998.484853 32
163998.518795 32
163998.518806 32
163998.521170 32
163998.521179 32
163998.523641 32
163998.523651 32
163998.526110 32
163998.526120 32
163998.528495 32
163998.528505 32
163998.530863 32
163998.530873 32
163998.533259 32
163998.533268 32
163998.535711 32
163998.535721 32
163998.538166 32
163998.538176 32
163998.540584 32
163998.540594 32
163998.543073 32
163998.543083 32
163998.545521 32
163998.545535 32
163998.547910 32
163998.547920 32
163998.550284 32
163998.550294 32
163998.552738 32
163998.552756 32
163998.555180 32
163998.555191 32
163998.558715 32
163998.558724 32
163998.561144 32
163998.561159 32
163998.563576 32
163998.563586 32
163998.566031 32
163998.566040 32
163998.568412 32
163998.568421 32
163998.570851 32
163998.570862 32
163998.573262 32
163998.573273 32
163998.575703 32
163998.575716 32
163998.615660 32
163998.615670 32
163998.649559 32
163998.649569 32
163998.651999 32
163998.652037 32
163998.654398 32
163998.654407 32
163998.656878 32
163998.656891 32
163998.659257 32
163998.659272 32
163998.661731 32
163998.661743 32
163998.664159 32
163998.664172 32
163998.666563 32
163998.666575 32
163998.669011 32
163998.669025 32
163998.671440 32
163998.671454 32
163998.673912 32
163998.673924 32
163998.676318 32
163998.676333 32
163998.678736 32
163998.678748 32
163998.681120 32
163998.681132 32
163998.683627 32
163998.683638 32
163998.686016 32
163998.686025 32
163998.688342 32
163998.688352 32
163998.690784 32
163998.690797 32
163998.693245 32
163998.693258 32
163998.695697 32
163998.695706 32
163998.695720 32
163998.695729 32
163998.698120 32
163998.698133 32
163998.700525 32
163998.700539 32
163998.702967 32
163998.702981 32
163998.705358 32
163998.705371 32
163998.746167 32
163998.747687 32
163998.747698 32
163998.781618 32
163998.781628 32
163998.784147 32
163998.784159 32
163998.786439 32
163998.786449 32
163998.788999 32
163998.789040 32
163998.791338 32
163998.791350 32
163998.793822 32
163998.793836 32
163998.796259 32
163998.796272 32
163998.798626 32
163998.798639 32
163998.801126 32
163998.801141 32
163998.803474 32
163998.803486 32
163998.805935 32
163998.805949 32
163998.808303 32
163998.808315 32
163998.810808 32
163998.810820 32
163998.813241 32
163998.813254 32
163998.815633 32
163998.815645 32
163998.818063 32
163998.818077 32
163998.820519 32
163998.820543 32
163998.822904 32
163998.822917 32
163998.825328 32
163998.825340 32
163998.827758 32
163998.827772 32
163998.830205 32
163998.830225 32
163998.832605 32
163998.832618 32
163998.835043 32
163998.835067 32
163998.837474 32
163998.837497 32
163998.878177 32
163998.880881 32
163998.880891 32
163998.914921 32
163998.914934 32
163998.917245 32
163998.917255 32
163998.919731 32
163998.919744 32
163998.922197 32
163998.922209 32
163998.924605 32
163998.924618 32
163998.927068 32
163998.927080 32
163998.929449 32
163998.929463 32
163998.931896 32
163998.931909 32
163998.934206 32
163998.934217 32
163998.936743 32
163998.936758 32
163998.939219 32
163998.939241 32
163998.941594 32
163998.941608 32
163998.944062 32
163998.944076 32
163998.946456 32
163998.946469 32
163998.948882 32
163998.948896 32
163998.951296 32
163998.951310 32
163998.953589 32
163998.953600 32
163998.956052 32
163998.956064 32
163998.958512 32
163998.958523 32
163998.960916 32
163998.960927 32
163998.963326 32
163998.963336 32
163998.963348 32
163998.963356 32
163998.965775 32
163998.965786 32
163998.968172 32
163998.968183 32
163998.970609 32
163998.970621 32
163999.011108 32
163999.013039 32
163999.013051 32
163999.046852 32
163999.046861 32
163999.049227 32
163999.049236 32
163999.051701 32
163999.051712 32
163999.054182 32
163999.054196 32
163999.056547 32
163999.056558 32
163999.058993 32
163999.059016 32
163999.061396 32
163999.061406 32
163999.063849 32
163999.063863 32
163999.066195 32
163999.066205 32
163999.068745 32
163999.068759 32
163999.071135 32
163999.071149 32
163999.073550 32
163999.073564 32
163999.076060 32
163999.076073 32
163999.078469 32
163999.078481 32
163999.080844 32
163999.080855 32
163999.083357 32
163999.083371 32
163999.086872 32
163999.086883 32
163999.089199 32
163999.089209 32
163999.091674 32
163999.091683 32
163999.094125 32
163999.094137 32
163999.096500 32
163999.096511 32
163999.098953 32
163999.098964 32
163999.101367 32
163999.101390 32
163999.103790 32
163999.103801 32
163999.106208 32
163999.106219 32
163999.148603 32
163999.148614 32
163999.182473 32
163999.182482 32
163999.184936 32
163999.184948 32
163999.187319 32
163999.187329 32
163999.189770 32
163999.189782 32
163999.192226 32
163999.192236 32
163999.194611 32
163999.194622 32
163999.197057 32
163999.197069 32
163999.199510 32
163999.199524 32
163999.201904 32
163999.201916 32
163999.204382 32
163999.204394 32
163999.206850 32
163999.206863 32
163999.209270 32
163999.209282 32
163999.211706 32
163999.211720 32
163999.214110 32
163999.214123 32
163999.216543 32
163999.216557 32
163999.218973 32
163999.218986 32
163999.221326 32
163999.221337 32
163999.223731 32
163999.223743 32
163999.226155 32
163999.226165 32
163999.228601 32
163999.228611 32
163999.230988 32
163999.230998 32
163999.233448 32
163999.233459 32
163999.235878 32
163999.235886 32
163999.235897 32
163999.235904 32
163999.238268 32
163999.238282 32
163999.240770 32
163999.240782 32
163999.281189 32
163999.285492 32
163999.285515 32
163999.319363 32
163999.319376 32
163999.321811 32
163999.321822 32
163999.324200 32
163999.324212 32
163999.326636 32
163999.326648 32
163999.329107 32
163999.329119 32
163999.331489 32
163999.331500 32
163999.333907 32
163999.333918 32
163999.336307 32
163999.336318 32
163999.338771 32
163999.338781 32
163999.341169 32
163999.341180 32
163999.343584 32
163999.343595 32
163999.346025 32
163999.346036 32
163999.348421 32
163999.348431 32
163999.350850 32
163999.350861 32
163999.353263 32
163999.353274 32
163999.355729 32
163999.355739 32
163999.358157 32
163999.358167 32
163999.360526 32
163999.360536 32
163999.362954 32
163999.362964 32
163999.365364 32
163999.365374 32
163999.367794 32
163999.367804 32
163999.370203 32
163999.370212 32
163999.372633 32
163999.372643 32
163999.375078 32
163999.375088 32
163999.377490 32
163999.377499 32
163999.418137 32
163999.423513 32
163999.423521 32
163999.457432 32
163999.457444 32
163999.459843 32
163999.459855 32
163999.462264 32
163999.462275 32
163999.464699 32
163999.464711 32
163999.467143 32
163999.467154 32
163999.469546 32
163999.469556 32
163999.471994 32
163999.472031 32
163999.474377 32
163999.474388 32
163999.476837 32
163999.476847 32
163999.479225 32
163999.479236 32
163999.481652 32
163999.481663 32
163999.484100 32
163999.484124 32
163999.486483 32
163999.486492 32
163999.488909 32
163999.488918 32
163999.491333 32
163999.491342 32
163999.493756 32
163999.493766 32
163999.496227 32
163999.496234 32
163999.498602 32
163999.498612 32
163999.501038 32
163999.501048 32
163999.503444 32
163999.503453 32
163999.505866 32
163999.505875 32
163999.508279 32
163999.508289 32
163999.510709 32
163999.510718 32
163999.513121 32
163999.513128 32
163999.513148 32
163999.513164 32
163999.515548 32
163999.515557 32
163999.556184 32
163999.560421 32
163999.560437 32
163999.594333 32
163999.594354 32
163999.596743 32
163999.596753 32
163999.599175 32
163999.599185 32
163999.601590 32
163999.601600 32
163999.604026 32
163999.604036 32
163999.606427 32
163999.606436 32
163999.608848 32
163999.608858 32
163999.611281 32
163999.611295 32
163999.613753 32
163999.613762 32
163999.616193 32
163999.616219 32
163999.618657 32
163999.618671 32
163999.621062 32
163999.621071 32
163999.623457 32
163999.623481 32
163999.625911 32
163999.625921 32
163999.628347 32
163999.628361 32
163999.630757 32
163999.630771 32
163999.633148 32
163999.633157 32
163999.636741 32
163999.636750 32
163999.639179 32
163999.639200 32
163999.641601 32
163999.641611 32
163999.644017 32
163999.644027 32
163999.646441 32
163999.646462 32
163999.648867 32
163999.648877 32
163999.651294 32
163999.651310 32
163999.653711 32
163999.653721 32
163999.656150 32
163999.656167 32
163999.700961 32
163999.700970 32
163999.733631 32
163999.734871 32
163999.736059 27
163999.738462 27
163999.740859 27
163999.743326 27
163999.745774 27
163999.748213 27
163999.750617 27
163999.753020 27
163999.755493 27
163999.757908 27
163999.760328 27
163999.762763 27
163999.765174 27
163999.767598 27
163999.770027 27
163999.772444 27
163999.774859 27
163999.777299 27
163999.779714 27
163999.782153 27
163999.784543 27
163999.787023 27
163999.789451 27
163999.791831 27
163999.794159 27
163999.840241 27
163999.875362 27
163999.876575 27
163999.877800 27
163999.877809 27
163999.877821 27
163999.878967 27
163999.880199 27
163999.881318 27
163999.882644 27
163999.883806 27
163999.886107 27
163999.886246 27
163999.887448 27
163999.888668 27
163999.889983 27
163999.891109 27
163999.892310 27
163999.893515 27
163999.895968 27
163999.895982 27
163999.898308 27
163999.898322 27
163999.900786 27
163999.900800 27
163999.903206 27
163999.903220 27
163999.906310 27
163999.906332 27
163999.984288 27
163999.984298 27
163999.986833 27
163999.986846 27
163999.989188 27
163999.989199 27
163999.991669 27
163999.991699 27
163999.994144 27
163999.994156 27
163999.996496 27
163999.996508 27
163999.998867 27
163999.998877 27
164000.001240 27
164000.001250 27
164000.003705 27
164000.003716 27
164000.006141 27
164000.006152 27
164000.008568 27
164000.008576 27
164000.008586 27
164000.008593 27
164000.011117 27
164000.011127 27
164000.013517 27
164000.013527 27
164000.015915 27
164000.015925 27
164000.093281 27
164000.093290 27
164000.095727 27
164000.095736 27
164000.098186 27
164000.098199 27
164000.100657 27
164000.100668 27
164000.103076 27
164000.103090 27
164000.105484 27
164000.105495 27
164000.107850 27
164000.107859 27
164000.110250 27
164000.110259 27
164000.112764 27
164000.112774 27
164000.115210 27
164000.115226 27
164000.117598 27
164000.117609 27
164000.119993 27
164000.120028 27
164000.122475 27
164000.122486 27
164000.124875 27
164000.124887 27
164000.165128 27
164000.204811 27
164000.204822 27
164000.207233 27
164000.207244 27
164000.209660 27
164000.209671 27
164000.212140 27
164000.212152 27
164000.214536 27
164000.214548 27
164000.216995 27
164000.217009 27
164000.219298 27
164000.219310 27
164000.221713 27
164000.221725 27
164000.224188 27
164000.224209 27
164000.226576 27
164000.226588 27
164000.229105 27
164000.229141 27
164000.231391 27
164000.231400 27
164000.231411 27
164000.231419 27
164000.233903 27
164000.233913 27
164000.236248 27
164000.236258 27
164000.316132 27
164000.317413 27
164000.317423 27
164000.319936 27
164000.319948 27
164000.322216 27
164000.322226 27
164000.324718 27
164000.324729 27
164000.327241 27
164000.327253 27
164000.329595 27
164000.329606 27
164000.331976 27
164000.331986 27
164000.334357 27
164000.334368 27
164000.336773 27
164000.336783 27
164000.339206 27
164000.339216 27
164000.341677 27
164000.341688 27
164000.344121 27
164000.344140 27
164000.346550 27
164000.346561 27
164000.348971 27
164000.348981 27
164000.389189 27
164000.431223 27
164000.431233 27
164000.433698 27
164000.433709 27
164000.436129 27
164000.436154 27
164000.438531 27
164000.438550 27
164000.440970 27
164000.440982 27
164000.443411 27
164000.443423 27
164000.445767 27
164000.445777 27
164000.448220 27
164000.448231 27
164000.450673 27
164000.450683 27
164000.453152 27
164000.453162 27
164000.455471 27
164000.455481 27
164000.458052 27
164000.458076 27
164000.460371 27
164000.460379 27
164000.460388 27
164000.460396 27
164000.462801 27
164000.462811 27
164000.501528 27
164000.501538 27
164000.545097 27
164000.545134 27
164000.547502 27
164000.547512 27
164000.549990 27
164000.550026 27
164000.552400 27
164000.552412 27
164000.554810 27
164000.554822 27
164000.557265 27
164000.557274 27
164000.559603 27
164000.559613 27
164000.562041 27
164000.562051 27
164000.564479 27
164000.564489 27
164000.566990 27
164000.567003 27
164000.569309 27
164000.569318 27
164000.571872 27
164000.571885 27
164000.574289 27
164000.574305 27
164000.576615 27
164000.576626 27
164000.615310 27
164000.615319 27
164000.660168 27
164000.660204 27
164000.662579 27
164000.662591 27
164000.665037 27
164000.665049 27
164000.667395 27
164000.667404 27
164000.669863 27
164000.669873 27
164000.672295 27
164000.672306 27
164000.674704 27
164000.674730 27
164000.677135 27
164000.677145 27
164000.679542 27
164000.679552 27
164000.682068 27
164000.682082 27
164000.684405 27
164000.684416 27
164000.686888 27
164000.686919 27
164000.689278 27
164000.689300 27
164000.691751 27
164000.691764 27
164000.730404 27
164000.730413 27
164000.730422 27
164000.730428 27
164000.776393 27
164000.776402 27
164000.778853 27
164000.778863 27
164000.781233 27
164000.781241 27
164000.783704 27
164000.783716 27
164000.786140 27
164000.786152 27
164000.788573 27
164000.788585 27
164000.790979 27
164000.791003 27
164000.793402 27
164000.793412 27
164000.795826 27
164000.795838 27
164000.798269 27
164000.798284 27
164000.800716 27
164000.800738 27
164000.803141 27
164000.803150 27
164000.805574 27
164000.805590 27
164000.807982 27
164000.807994 27
164000.846665 27
164000.846674 27
164000.849099 27
164000.849117 27
164000.896329 27
164000.896339 27
164000.898817 27
164000.898830 27
164000.901170 27
164000.901180 27
164000.903651 27
164000.903666 27
164000.906070 27
164000.906080 27
164000.908466 27
164000.908477 27
164000.910853 27
164000.910863 27
164000.913338 27
164000.913350 27
164000.915752 27
164000.915764 27
164000.918205 27
164000.918217 27
164000.920622 27
164000.920634 27
164000.923071 27
164000.923092 27
164000.925447 27
164000.925458 27
164000.927858 27
164000.927869 27
164000.966584 27
164000.966595 27
164000.969067 27
164000.969079 27
164001.015089 27
164001.015098 27
164001.015123 27
164001.015130 27
164001.017474 27
164001.017484 27
164001.019930 27
164001.019943 27
164001.022304 27
164001.022313 27
164001.024830 27
164001.024844 27
164001.027237 27
164001.027248 27
164001.029574 27
164001.029594 27
164001.032069 27
164001.032097 27
164001.034400 27
164001.034411 27
164001.036889 27
164001.036900 27
164001.039283 27
164001.039294 27
164001.041732 27
164001.041742 27
164001.044190 27
164001.044200 27
164001.046615 27
164001.046626 27
164001.085279 27
164001.085288 27
164001.087725 27
164001.087735 27
164001.136194 27
164001.136206 27
164001.138629 27
164001.138640 27
164001.141167 27
164001.141180 27
164001.143428 27
164001.143437 27
164001.145981 27
164001.145992 27
164001.148355 27
164001.148366 27
164001.150732 27
164001.150742 27
164001.153185 27
164001.153195 27
164001.155585 27
164001.155596 27
164001.158062 27
164001.158072 27
164001.160381 27
164001.160389 27
164001.162850 27
164001.162859 27
164001.165300 27
164001.165309 27
164001.167767 27
164001.167777 27
164001.206406 27
164001.206417 27
164001.208841 27
164001.208851 27
164001.253148 27
164001.258515 27
164001.258525 27
164001.260979 27
164001.260987 27
164001.260997 27
164001.261028 27
164001.263324 27
164001.263334 27
164001.265898 27
164001.265912 27
164001.268290 27
164001.268313 27
164001.270684 27
164001.270696 27
164001.273143 27
164001.273153 27
164001.275443 27
164001.275453 27
164001.277919 27
164001.277929 27
164001.280293 27
164001.280304 27
164001.282780 27
164001.282791 27
164001.285204 27
164001.285214 27
164001.287619 27
164001.287629 27
164001.290100 27
164001.290115 27
164001.328781 27
164001.328792 27
164001.331199 27
164001.331210 27
164001.380844 27
164001.380856 27
164001.383204 27
164001.383213 27
164001.385708 27
164001.385719 27
164001.388172 27
164001.388183 27
164001.390565 27
164001.390579 27
164001.392912 27
164001.392921 27
164001.395446 27
164001.395458 27
164001.397825 27
164001.397835 27
164001.400206 27
164001.400216 27
164001.402634 27
164001.402644 27
164001.405136 27
164001.405151 27
164001.407542 27
164001.407552 27
164001.409955 27
164001.409965 27
164001.412411 27
164001.412421 27
164001.414833 27
164001.414843 27
164001.453504 27
164001.453514 27
164001.455909 27
164001.455919 27
164001.504412 27
164001.504435 27
164001.506844 27
164001.506856 27
164001.509272 27
164001.509294 27
164001.511694 27
164001.511702 27
164001.511714 27
164001.511722 27
164001.514132 27
164001.514142 27
164001.516557 27
164001.516571 27
164001.518982 27
164001.518994 27
164001.521408 27
164001.521426 27
164001.523849 27
164001.523863 27
164001.526303 27
164001.526316 27
164001.528742 27
164001.528764 27
164001.531083 27
164001.531113 27
164001.533529 27
164001.533540 27
164001.535937 27
164001.535949 27
164001.538357 27
164001.538369 27
164001.577073 27
164001.577093 27
164001.579480 27
164001.579491 27
164001.629141 27
164001.629152 27
164001.631572 27
164001.631582 27
164001.634028 27
164001.634038 27
164001.636385 27
164001.636398 27
164001.638853 27
164001.638866 27
164001.641219 27
164001.641231 27
164001.643675 27
164001.643687 27
164001.646113 27
164001.646125 27
164001.648518 27
164001.648530 27
164001.650966 27
164001.650978 27
164001.653361 27
164001.653373 27
164001.655882 27
164001.655895 27
164001.658187 27
164001.658199 27
164001.660655 27
164001.660665 27
164001.663122 27
164001.663136 27
164001.701811 27
164001.701822 27
164001.704221 27
164001.704235 27
164001.747115 27
164001.756267 27
164001.756281 27
164001.758761 27
164001.758773 27
164001.761223 27
164001.761236 27
164001.763614 27
164001.763625 27
164001.766098 27
164001.766107 27
164001.766128 27
164001.766137 27
164001.768470 27
164001.768489 27
164001.770959 27
164001.770981 27
164001.773313 27
164001.773329 27
164001.775709 27
164001.775728 27
164001.778201 27
164001.778214 27
164001.780581 27
164001.780599 27
164001.783093 27
164001.783105 27
164001.785439 27
164001.785454 27
164001.787894 27
164001.787912 27
164001.790323 27
164001.790346 27
164001.829095 27
164001.829106 27
164001.831388 27
164001.831399 27
164001.883463 27
164001.883472 27
164001.885910 27
164001.885921 27
164001.888289 27
164001.888299 27
164001.890790 27
164001.890801 27
164001.893189 27
164001.893201 27
164001.895704 27
164001.895719 27
164001.898164 27
164001.898176 27
164001.900521 27
164001.900535 27
164001.902963 27
164001.902996 27
164001.905314 27
164001.905325 27
164001.907791 27
164001.907802 27
164001.910245 27
164001.910266 27
164001.912662 27
164001.912690 27
164001.915048 27
164001.915059 27
164001.917485 27
164001.917503 27
164001.919939 27
164001.919953 27
164001.958590 27
164001.958603 27
164001.961011 27
164001.961024 27
164002.011910 27
164002.011924 27
164002.014326 27
164002.014338 27
164002.016737 27
164002.016749 27
164002.019165 27
164002.019178 27
164002.021582 27
164002.021594 27
164002.024007 27
164002.024020 27
164002.026418 27
164002.026428 27
164002.026440 27
164002.026449 27
164002.028821 27
164002.028834 27
164002.031264 27
164002.031277 27
164002.033761 27
164002.033774 27
164002.036170 27
164002.036181 27
164002.038639 27
164002.038652 27
164002.041067 27
164002.041081 27
164002.043439 27
164002.043454 27
164002.045908 27
164002.045930 27
164002.048298 27
164002.048311 27
164002.087088 27
164002.087101 27
164002.089444 27
164002.089463 27
164002.141502 27
164002.141515 27
164002.143936 27
164002.143947 27
164002.146322 27
164002.146341 27
164002.148751 27
164002.148764 27
164002.151194 27
164002.151209 27
164002.153626 27
164002.153638 27
164002.156046 27
164002.156057 27
164002.158456 27
164002.158467 27
164002.160947 27
164002.160959 27
164002.163398 27
164002.163411 27
164002.165867 27
164002.165881 27
164002.168256 27
164002.168268 27
164002.170596 27
164002.170605 27
164002.173100 27
164002.173126 27
164002.175517 27
164002.175535 27
164002.177918 27
164002.177931 27
164002.217873 27
164002.217890 27
164002.220298 27
164002.220310 27
164002.263234 27
164002.272339 27
164002.272352 27
164002.274778 27
164002.274792 27
164002.277201 27
164002.277214 27
164002.279614 27
164002.279628 27
164002.282010 27
164002.282024 27
164002.284443 27
164002.284460 27
164002.286890 27
164002.286904 27
164002.289291 27
164002.289303 27
164002.289319 27
164002.289346 27
164002.291740 27
164002.291754 27
164002.294254 27
164002.294276 27
164002.296645 27
164002.296669 27
164002.299070 27
164002.299093 27
164002.301459 27
164002.301478 27
164002.303888 27
164002.303912 27
164002.306297 27
164002.306313 27
164002.308711 27
164002.308724 27
164002.348606 27
164002.348619 27
164002.351047 27
164002.351059 27
164002.403159 27
164002.403171 27
164002.405544 27
164002.405554 27
164002.407945 27
164002.407955 27
164002.410356 27
164002.410366 27
164002.412783 27
164002.412794 27
164002.415276 27
164002.415288 27
164002.417648 27
164002.417659 27
164002.420074 27
164002.420084 27
164002.422492 27
164002.422503 27
164002.424939 27
164002.424949 27
164002.427316 27
164002.427326 27
164002.429746 27
164002.429756 27
164002.432200 27
164002.432234 27
164002.434627 27
164002.434637 27
164002.437097 27
164002.437109 27
164002.439484 27
164002.439497 27
164002.441951 27
164002.441963 27
164002.481849 27
164002.481860 27
164002.484232 27
164002.484242 27
164002.537518 27
164002.537530 27
164002.539973 27
164002.539983 27
164002.542381 27
164002.542393 27
164002.544797 27
164002.544807 27
164002.547206 27
164002.547217 27
164002.549640 27
164002.549650 27
164002.552073 27
164002.552083 27
164002.554516 27
164002.554526 27
164002.557013 27
164002.557026 27
164002.559341 27
164002.559348 27
164002.559359 27
164002.559366 27
164002.561840 27
164002.561851 27
164002.564222 27
164002.564232 27
164002.566651 27
164002.566661 27
164002.569146 27
164002.569160 27
164002.571440 27
164002.571459 27
164002.573930 27
164002.573941 27
164002.576261 27
164002.576270 27
164002.615080 27
164002.615104 27
164002.617449 27
164002.617458 27
164002.671989 27
164002.671999 27
164002.674368 27
164002.674377 27
164002.676865 27
164002.676888 27
164002.679271 27
164002.679282 27
164002.681688 27
164002.681699 27
164002.684149 27
164002.684162 27
164002.686526 27
164002.686537 27
164002.688976 27
164002.689019 27
164002.691333 27
164002.691343 27
164002.693878 27
164002.693891 27
164002.696194 27
164002.696204 27
164002.698681 27
164002.698691 27
164002.701117 27
164002.701127 27
164002.703525 27
164002.703535 27
164002.705871 27
164002.705880 27
164002.708349 27
164002.708358 27
164002.711936 27
164002.711945 27
164002.750692 27
164002.750702 27
164002.753183 27
164002.753192 27
164002.796098 27
164002.807613 27
164002.807622 27
164002.810059 27
164002.810068 27
164002.812441 27
164002.812449 27
164002.814888 27
164002.814897 27
164002.817314 27
164002.817323 27
164002.819731 27
164002.819739 27
164002.822117 27
164002.822125 27
164002.824554 27
164002.824562 27
164002.827087 27
164002.827100 27
164002.829489 27
164002.829503 27
164002.831871 27
164002.831879 27
164002.831891 27
164002.831900 27
164002.834295 27
164002.834306 27
164002.836718 27
164002.836729 27
164002.839113 27
164002.839124 27
164002.841548 27
164002.841560 27
164002.843994 27
164002.844025 27
164002.847612 27
164002.847623 27
164002.886354 27
164002.886366 27
164002.888761 27
164002.888772 27
164002.943233 27
164002.943241 27
164002.945701 27
164002.945710 27
164002.948139 27
164002.948148 27
164002.950529 27
164002.950537 27
164002.953017 27
164002.953025 27
164002.955375 27
164002.955383 27
164002.957814 27
164002.957823 27
164002.960243 27
164002.960252 27
164002.962652 27
164002.962661 27
164002.965106 27
164002.965115 27
164002.967529 27
164002.967554 27
164002.969961 27
164002.969970 27
164002.972324 27
164002.972333 27
164002.974802 27
164002.974810 27
164002.977197 27
164002.977205 27
164002.979647 27
164002.979656 27
164002.982057 27
164002.982065 27
164002.985688 27
164002.985697 27
164003.024387 27
164003.024397 27
164003.026821 27
164003.026831 27
164003.082547 27
164003.082556 27
164003.085053 27
164003.085066 27
164003.087393 27
164003.087403 27
164003.089862 27
164003.089875 27
164003.092315 27
164003.092329 27
164003.094744 27
164003.094757 27
164003.097179 27
164003.097193 27
164003.099576 27
164003.099599 27
164003.102092 27
164003.102104 27
164003.104460 27
164003.104474 27
164003.106865 27
164003.106877 27
164003.109215 27
164003.109226 27
164003.111708 27
164003.111717 27
164003.111727 27
164003.111735 27
164003.114163 27
164003.114179 27
164003.116562 27
164003.116574 27
164003.119030 27
164003.119050 27
164003.121436 27
164003.121446 27
164003.123872 27
164003.123885 27
164003.162559 27
164003.162583 27
164003.165071 27
164003.165098 27
164003.221896 27
164003.221908 27
164003.224255 27
164003.224265 27
164003.226844 27
164003.226856 27
164003.229164 27
164003.229174 27
164003.231554 27
164003.231563 27
164003.234061 27
164003.234073 27
164003.236440 27
164003.236452 27
164003.238852 27
164003.238864 27
164003.241310 27
164003.241327 27
164003.243783 27
164003.243797 27
164003.246219 27
164003.246231 27
164003.248634 27
164003.248647 27
164003.251072 27
164003.251094 27
164003.253449 27
164003.253462 27
164003.255813 27
164003.255825 27
164003.258337 27
164003.258350 27
164003.261917 27
164003.261939 27
164003.263136 27
164003.264285 27
164003.301830 20
164003.304216 20
164003.359958 20
164003.362300 20
164003.364856 20
164003.367172 20
164003.369627 20
164003.372113 20
164003.374430 20
164003.376962 20
164003.379314 20
164003.381813 20
164003.384251 20
164003.386581 20
164003.389039 20
164003.391442 20
164003.393850 20
164003.396281 20
164003.399931 20
164003.403555 20
164003.441117 20
164003.442253 20
164003.442259 20
164003.442267 20
164003.497977 20
164003.499188 20
164003.500419 20
164003.501635 20
164003.502829 20
164003.504146 20
164003.505251 20
164003.506506 20
164003.507685 20
164003.508972 20
164003.510113 20
164003.511321 20
164003.512526 20
164003.514941 20
164003.514951 20
164003.518600 20
164003.518611 20
164003.557352 20
164003.557363 20
164003.559875 20
164003.559886 20
164003.617897 20
164003.617908 20
164003.620316 20
164003.620326 20
164003.622724 20
164003.622734 20
164003.625153 20
164003.625163 20
164003.627592 20
164003.627601 20
164003.627611 20
164003.627619 20
164003.630029 20
164003.630039 20
164003.632501 20
164003.632511 20
164003.634838 20
164003.634848 20
164003.673620 20
164003.673628 20
164003.676093 20
164003.676102 20
164003.719169 20
164003.736586 20
164003.736595 20
164003.739104 20
164003.739113 20
164003.741462 20
164003.741471 20
164003.743927 20
164003.743937 20
164003.746280 20
164003.746289 20
164003.748729 20
164003.748739 20
164003.751215 20
164003.751224 20
164003.753567 20
164003.753576 20
164003.792290 20
164003.792299 20
164003.794728 20
164003.794739 20
164003.837132 20
164003.856487 20
164003.856495 20
164003.858937 20
164003.858946 20
164003.861310 20
164003.861318 20
164003.863742 20
164003.863750 20
164003.866145 20
164003.866154 20
164003.868575 20
164003.868581 20
164003.868589 20
164003.868594 20
164003.870998 20
164003.871025 20
164003.873426 20
164003.873434 20
164003.912166 20
164003.912173 20
164003.914601 20
164003.914608 20
164003.955848 20
164003.955859 20
164003.978800 20
164003.978808 20
164003.981214 20
164003.981221 20
164003.983640 20
164003.983649 20
164003.986076 20
164003.986092 20
164003.988486 20
164003.988493 20
164003.990916 20
164003.990924 20
164003.993339 20
164003.993348 20
164003.995763 20
164003.995770 20
164004.034581 20
164004.034596 20
164004.037031 20
164004.037038 20
164004.078148 20
164004.078155 20
164004.099998 20
164004.100023 20
164004.102382 20
164004.102394 20
164004.104769 20
164004.104776 20
164004.107226 20
164004.107234 20
164004.109636 20
164004.109644 20
164004.112137 20
164004.112149 20
164004.114507 20
164004.114520 20
164004.116974 20
164004.116983 20
164004.116995 20
164004.117032 20
164004.155658 20
164004.155668 20
164004.158177 20
164004.158188 20
164004.199278 20
164004.199290 20
164004.221174 20
164004.221198 20
164004.223528 20
164004.223539 20
164004.225987 20
164004.225996 20
164004.228356 20
164004.228368 20
164004.230793 20
164004.230806 20
164004.233169 20
164004.233178 20
164004.235626 20
164004.235638 20
164004.238133 20
164004.238152 20
164004.240504 20
164004.240516 20
164004.280431 20
164004.280440 20
164004.282906 20
164004.282915 20
164004.324124 20
164004.324143 20
164004.345919 20
164004.345931 20
164004.348272 20
164004.348283 20
164004.350703 20
164004.350714 20
164004.353190 20
164004.353201 20
164004.355546 20
164004.355557 20
164004.357945 20
164004.357956 20
164004.360368 20
164004.360379 20
164004.362885 20
164004.362898 20
164004.365235 20
164004.365247 20
164004.406390 20
164004.406398 20
164004.406408 20
164004.406415 20
164004.408863 20
164004.408873 20
164004.450056 20
164004.450065 20
164004.471932 20
164004.471946 20
164004.474213 20
164004.474222 20
164004.476669 20
164004.476679 20
164004.479122 20
164004.479131 20
164004.481496 20
164004.481506 20
164004.483994 20
164004.484025 20
164004.486335 20
164004.486344 20
164004.488789 20
164004.488798 20
164004.491193 20
164004.491202 20
164004.533541 20
164004.533551 20
164004.535985 20
164004.535994 20
164004.577165 20
164004.578360 20
164004.578369 20
164004.600175 20
164004.600199 20
164004.602602 20
164004.602611 20
164004.605044 20
164004.605068 20
164004.607431 20
164004.607440 20
164004.609874 20
164004.609883 20
164004.612259 20
164004.612268 20
164004.614692 20
164004.614701 20
164004.617131 20
164004.617149 20
164004.619583 20
164004.619593 20
164004.660696 20
164004.660705 20
164004.663138 20
164004.663151 20
164004.663159 20
164004.663164 20
164004.704307 20
164004.704315 20
164004.726162 20
164004.726170 20
164004.728569 20
164004.728577 20
164004.730963 20
164004.730971 20
164004.733409 20
164004.733418 20
164004.735880 20
164004.735888 20
