122280.308032 10
122280.308505 10
122280.446047 10
122280.545817 10
122280.546106 10
122280.749276 10
122280.850012 10
122285.855240 10
122286.003065 10
122286.075742 10
122286.075869 10
122286.191027 10
122286.266164 10
122286.266202 10
122290.836400 10
122290.836460 10
122291.050993 10
122291.051036 10
122291.051051 10
122291.051065 10
122291.051094 10
122291.051112 10
122291.051124 10
122291.051137 10
122291.051149 10
122291.051161 10
122291.157710 11
122291.157720 11
122291.157747 11
122291.158962 12
122291.158971 12
122291.158999 12
122291.160168 13
122291.160177 13
122291.160194 13
122291.161286 14
122291.161295 14
122291.161320 14
122291.162530 15
122291.162539 15
122291.162564 15
122291.163764 16
122291.163774 16
122291.163801 16
122291.164920 17
122291.164930 17
122291.164955 17
122291.166127 18
122291.166136 18
122291.166161 18
122291.167349 19
122291.167357 19
122291.167382 19
122291.168593 20
122291.168602 20
122291.168640 20
122291.277674 21
122291.277689 21
122291.277731 21
122291.278812 22
122291.278823 22
122291.278866 22
122291.280147 23
122291.280158 23
122291.280194 23
122291.281248 24
122291.281257 24
122291.281291 24
122291.282436 25
122291.282445 25
122291.282476 25
122291.283664 26
122291.283673 26
122291.283707 26
122291.284877 27
122291.284886 27
122291.284915 27
122291.286095 28
122291.286104 28
122291.286137 28
122291.287271 29
122291.287280 29
122291.287313 29
122291.288510 30
122291.288519 30
122291.288550 30
122291.289722 31
122291.289731 31
122291.289764 31
122291.290917 32
122291.290925 32
122291.290956 32
122291.292133 33
122291.292172 33
122291.292325 33
122291.293301 34
122291.293309 34
122291.293342 34
122291.294578 35
122291.294587 35
122291.294620 35
122291.295753 36
122291.295762 36
122291.295790 36
122291.296993 37
122291.297002 37
122291.297034 37
122291.298218 38
122291.298226 38
122291.298259 38
122291.299467 39
122291.299475 39
122291.299507 39
122291.300640 40
122291.300649 40
122291.300680 40
122291.408474 41
122291.408484 41
122291.408517 41
122291.409627 42
122291.409638 42
122291.409675 42
122291.410890 43
122291.410900 43
122291.410931 43
122291.412048 44
122291.412074 44
122291.412098 44
122291.413267 45
122291.413277 45
122291.413301 45
122291.414543 46
122291.414569 46
122291.414606 46
122291.415705 47
122291.415714 47
122291.415750 47
122291.416936 48
122291.416946 48
122291.417007 48
122291.418188 49
122291.418198 49
122291.418266 49
122291.419360 50
122291.419389 50
122291.419538 50
122291.420647 51
122291.420677 51
122291.420715 51
122291.421825 52
122291.421837 52
122291.421890 52
122291.423004 53
122291.423013 53
122291.423041 53
122291.424183 54
122291.424210 54
122291.424238 54
122291.425374 55
122291.425385 55
122291.425402 55
122291.426548 56
122291.426558 56
122291.426584 56
122291.427794 57
122291.427803 57
122291.427829 57
122291.429041 57
122291.430282 56
122291.432640 53
122291.435153 50
122291.437563 47
122291.439897 44
122291.547797 41
122291.550256 39
122291.552620 37
122291.555056 34
122291.557363 31
122291.559778 28
122291.561024 28
122291.561051 28
122291.562242 28
122291.562269 28
122291.563394 28
122291.563419 28
122291.564639 28
122291.564664 28
122291.565882 28
122291.565910 28
122291.567137 28
122291.567165 28
122291.568353 28
122291.568381 28
122291.569531 28
122291.569557 28
122291.570714 28
122291.571987 28
122291.573185 28
122291.574434 28
122291.575597 28
122291.632490 28
122291.633712 28
122291.634923 28
122291.636229 28
122291.637305 28
122291.638603 28
122291.639774 28
122291.641015 28
122291.642248 28
122291.643461 28
122291.644664 28
122291.645840 28
122291.647098 28
122291.648280 28
122291.649450 28
122291.650677 28
122291.651887 28
122291.653112 28
122291.654363 28
122291.655541 28
122291.656776 28
122291.657946 28
122291.659239 28
122291.660355 28
122291.660401 28
122291.661596 28
122291.662807 28
122291.663999 28
122291.719713 28
122291.720959 28
122291.722168 28
122291.723334 28
122291.724602 28
122291.725814 28
122291.727025 28
122291.728205 28
122291.729394 28
122291.730691 28
122291.731833 28
122291.733127 28
122291.734184 28
122291.735467 28
122291.736625 28
122291.737865 28
122291.739063 28
122291.740262 28
122291.741475 28
122291.742733 28
122291.743936 28
122291.745140 28
122291.746361 28
122291.747593 28
122291.748845 29
122291.748854 29
122291.748882 29
122291.750052 29
122291.751246 29
122291.752403 29
122291.809324 29
122291.810599 29
122291.811763 29
122291.813151 29
122291.814153 29
122291.815393 29
122291.816585 29
122291.817926 29
122291.819084 29
122291.820272 29
122291.821510 29
122291.822766 29
122291.823915 29
122291.825118 29
122291.826286 29
122291.827538 29
122291.828684 29
122291.829947 29
122291.831204 29
122291.832361 29
122291.833526 29
122291.834780 29
122291.836004 29
122291.837227 29
122291.838388 29
122291.839625 29
122291.840822 30
122291.840831 30
122291.840847 30
122291.842068 30
122291.843225 30
122291.901392 30
122291.902633 30
122291.903935 30
122291.905050 30
122291.906231 30
122291.907422 30
122291.908748 30
122291.909852 30
122291.911193 30
122291.912330 30
122291.913578 30
122291.914739 30
122291.915904 30
122291.917168 30
122291.918363 30
122291.919572 30
122291.920817 30
122291.922044 30
122291.923195 30
122291.924424 30
122291.925613 30
122291.926815 30
122291.928162 30
122291.929284 30
122291.930552 30
122291.931744 30
122291.932982 30
122291.934230 30
122291.935346 31
122291.935441 31
122291.935474 31
122291.936590 31
122291.993475 31
122291.994666 31
122291.995890 31
122291.997161 31
122291.998361 31
122291.999526 31
122292.000789 31
122292.001917 31
122292.003181 31
122292.004374 31
122292.005530 31
122292.006803 31
122292.008061 31
122292.009245 31
122292.010457 31
122292.011603 31
122292.012866 31
122292.014076 31
122292.015205 31
122292.016434 31
122292.017692 31
122292.018901 31
122292.020147 31
122292.021285 31
122292.022550 31
122292.023744 31
122292.024958 31
122292.026160 31
122292.027344 31
122292.028574 31
122292.029794 32
122292.029803 32
122292.029843 32
122292.087940 32
122292.089203 32
122292.090360 32
122292.091633 32
122292.092807 32
122292.094037 32
122292.095293 32
122292.096363 32
122292.097636 32
122292.098909 32
122292.100089 32
122292.101297 32
122292.102523 32
122292.103747 32
122292.104931 32
122292.106201 32
122292.107277 32
122292.108531 32
122292.109731 32
122292.110977 32
122292.112153 32
122292.113350 32
122292.114603 32
122292.115786 32
122292.117031 32
122292.118252 32
122292.119397 32
122292.120635 32
122292.121849 32
122292.123069 32
122292.124244 32
122292.125459 32
122292.184833 33
122292.184843 33
122292.184880 33
122292.186150 33
122292.187210 33
122292.188441 33
122292.189636 33
122292.190972 33
122292.192139 33
122292.193349 33
122292.194560 33
122292.195816 33
122292.196998 33
122292.198204 33
122292.199341 33
122292.200679 33
122292.201835 33
122292.203092 33
122292.204208 33
122292.205385 33
122292.206604 33
122292.207838 33
122292.209077 33
122292.210232 33
122292.211430 33
122292.212686 33
122292.213894 33
122292.215131 33
122292.216295 33
122292.217493 33
122292.218753 33
122292.219990 33
122292.221195 33
122292.222409 33
122292.283028 33
122292.284189 33
122292.285391 34
122292.285401 34
122292.285476 34
122292.286568 34
122292.287771 34
122292.288960 34
122292.290258 34
122292.291423 34
122292.292642 34
122292.293853 34
122292.295104 34
122292.296288 34
122292.297506 34
122292.298667 34
122292.299950 34
122292.301116 34
122292.302368 34
122292.303540 34
122292.304725 34
122292.305965 34
122292.307177 34
122292.308342 34
122292.309582 34
122292.310781 34
122292.311976 34
122292.313187 34
122292.314421 34
122292.315619 34
122292.316831 34
122292.318077 34
122292.319264 34
122292.320448 34
122292.321653 34
122292.381087 34
122292.382286 34
122292.383485 34
122292.384651 34
122292.385851 35
122292.385860 35
122292.385894 35
122292.387205 35
122292.388388 35
122292.389571 35
122292.390777 35
122292.391905 35
122292.393196 35
122292.394463 35
122292.395631 35
122292.396806 35
122292.398047 35
122292.399314 35
122292.400426 35
122292.401635 35
122292.402907 35
122292.404083 35
122292.405236 35
122292.406456 35
122292.407723 35
122292.408913 35
122292.410127 35
122292.411337 35
122292.412541 35
122292.413756 35
122292.414951 35
122292.416152 35
122292.417360 35
122292.418652 35
122292.419790 35
122292.422263 35
122292.482777 35
122292.484079 35
122292.485142 35
122292.486400 35
122292.487653 35
122292.488899 35
122292.490082 36
122292.490092 36
122292.490141 36
122292.491393 36
122292.492493 36
122292.493774 36
122292.494937 36
122292.496204 36
122292.497280 36
122292.498564 36
122292.499772 36
122292.501088 36
122292.502249 36
122292.503426 36
122292.504625 36
122292.505799 36
122292.507026 36
122292.508191 36
122292.509385 36
122292.510607 36
122292.511814 36
122292.513070 36
122292.514269 36
122292.515442 36
122292.516666 36
122292.517884 36
122292.519091 36
122292.520289 36
122292.521497 36
122292.522709 36
122292.523924 36
122292.585707 36
122292.586935 36
122292.588167 36
122292.589328 36
122292.590563 36
122292.591802 36
122292.593173 36
122292.594329 36
122292.595543 37
122292.595553 37
122292.595571 37
122292.596705 37
122292.597858 37
122292.599110 37
122292.600360 37
122292.601537 37
122292.602702 37
122292.603993 37
122292.605189 37
122292.606358 37
122292.607567 37
122292.608790 37
122292.609943 37
122292.611157 37
122292.612347 37
122292.613556 37
122292.614787 37
122292.615987 37
122292.617232 37
122292.618423 37
122292.619632 37
122292.620837 37
122292.622073 37
122292.623257 37
122292.624472 37
122292.625710 37
122292.626914 37
122292.628114 37
122292.691168 37
122292.692297 37
122292.693511 37
122292.694800 37
122292.695998 37
122292.697198 37
122292.698387 37
122292.699622 37
122292.700897 37
122292.702058 37
122292.703292 38
122292.703302 38
122292.703331 38
122292.704544 38
122292.705709 38
122292.707025 38
122292.708174 38
122292.709406 38
122292.710501 38
122292.711777 38
122292.712972 38
122292.714200 38
122292.715377 38
122292.716599 38
122292.717794 38
122292.718997 38
122292.720179 38
122292.721363 38
122292.722598 38
122292.723786 38
122292.724985 38
122292.726200 38
122292.727407 38
122292.728614 38
122292.729833 38
122292.731087 38
122292.732281 38
122292.733499 38
122292.734679 38
122293.825986 44
122293.826019 44
122293.828412 44
122293.828450 44
122293.830853 44
122293.830875 44
122293.833299 44
122293.833336 44
122293.835659 44
122293.835689 44
122293.838142 44
122293.838162 44
122293.840582 44
122293.840600 44
122293.842968 44
122293.842986 44
122293.845540 44
122293.845558 44
122293.847899 44
122293.847918 44
122293.850340 44
122293.850360 44
122293.852740 44
122293.852760 44
122293.855188 44
122293.855207 44
122293.857538 44
122293.857557 44
122293.859941 44
122293.859958 44
122293.862382 44
122293.862401 44
122293.864787 44
122293.864817 44
122293.867181 44
122293.867209 44
122293.869657 44
122293.869685 44
122293.872073 44
122293.872100 44
122293.874494 44
122293.874511 44
122293.876908 44
122293.876936 44
122293.947127 44
122293.947155 44
122293.949498 44
122293.949512 44
122293.951941 44
122293.951954 44
122293.954343 44
122293.954356 44
122293.956829 44
122293.956843 44
122293.959252 44
122293.959266 44
122293.961623 44
122293.961644 44
122293.964141 44
122293.964176 44
122293.966513 44
122293.966539 44
122293.968913 44
122293.968943 44
122293.971273 44
122293.971288 44
122293.973716 44
122293.973740 44
122293.976162 44
122293.976178 44
122293.978568 44
122293.978584 44
122293.980987 44
122293.981040 44
122293.983496 44
122293.983524 44
122293.985913 44
122293.985935 44
122293.988340 44
122293.988367 44
122293.990773 44
122293.990800 44
122293.993131 45
122293.993144 45
122293.993163 45
122293.993202 45
122293.995582 45
122293.995606 45
122293.998047 45
122293.998093 45
122294.069440 45
122294.069468 45
122294.071846 45
122294.071876 45
122294.074323 45
122294.074351 45
122294.076736 45
122294.076762 45
122294.079188 45
122294.079210 45
122294.081565 45
122294.081593 45
122294.083993 45
122294.084010 45
122294.086428 45
122294.086454 45
122294.088837 45
122294.088866 45
122294.091362 45
122294.091390 45
122294.093794 45
122294.093827 45
122294.096215 45
122294.096245 45
122294.098632 45
122294.098660 45
122294.101052 45
122294.101070 45
122294.103430 45
122294.103460 45
122294.105795 45
122294.105812 45
122294.108294 45
122294.108349 45
122294.110742 45
122294.110781 45
122294.113163 45
122294.113201 45
122294.115567 45
122294.115598 45
122294.118017 45
122294.118050 45
122294.120422 45
122294.120454 45
122294.161297 45
122294.191842 45
122294.191873 45
122294.194232 45
122294.194261 45
122294.196702 45
122294.196734 45
122294.199179 45
122294.199232 45
122294.201526 45
122294.201576 45
122294.203996 45
122294.204021 45
122294.206477 45
122294.206519 45
122294.208830 45
122294.208873 45
122294.211188 45
122294.211206 45
122294.213649 45
122294.213679 45
122294.216104 45
122294.216141 45
122294.218493 45
122294.218531 45
122294.220970 45
122294.220995 45
122294.223420 45
122294.223460 45
122294.225766 45
122294.225794 45
122294.228197 45
122294.228235 45
122294.231761 45
122294.231788 45
122294.234149 45
122294.234172 45
122294.236576 45
122294.236612 45
122294.239024 45
122294.239079 45
122294.241425 46
122294.241434 46
122294.241468 46
122294.241500 46
122294.243848 46
122294.243882 46
122294.315296 46
122294.315330 46
122294.317815 46
122294.317854 46
122294.320135 46
122294.320195 46
122294.322605 46
122294.322621 46
122294.325053 46
122294.325070 46
122294.327468 46
122294.327496 46
122294.329887 46
122294.329905 46
122294.332261 46
122294.332296 46
122294.334718 46
122294.334737 46
122294.337236 46
122294.337261 46
122294.339650 46
122294.339673 46
122294.342035 46
122294.342060 46
122294.344528 46
122294.344578 46
122294.346945 46
122294.346981 46
122294.349370 46
122294.349411 46
122294.351753 46
122294.351785 46
122294.354121 46
122294.354138 46
122294.356558 46
122294.356574 46
122294.358975 46
122294.358991 46
122294.361401 46
122294.361417 46
122294.363809 46
122294.363823 46
122294.366244 46
122294.366263 46
122294.368676 46
122294.368694 46
122294.441235 46
122294.441261 46
122294.443718 46
122294.443733 46
122294.446284 46
122294.446339 46
122294.448583 46
122294.448602 46
122294.451061 46
122294.451082 46
122294.453462 46
122294.453483 46
122294.455873 46
122294.455895 46
122294.458342 46
122294.458359 46
122294.460651 46
122294.460673 46
122294.463240 46
122294.463274 46
122294.465567 46
122294.465585 46
122294.468055 46
122294.468086 46
122294.470482 46
122294.470508 46
122294.472889 46
122294.472915 46
122294.475338 46
122294.475364 46
122294.477737 46
122294.477767 46
122294.480194 46
122294.480241 46
122294.482606 46
122294.482638 46
122294.485009 46
122294.485041 46
122294.487435 46
122294.487486 46
122294.489838 46
122294.489866 46
122294.492230 46
122294.492272 46
122294.494716 47
122294.494726 47
122294.494757 47
122294.494795 47
122294.568534 47
122294.568569 47
122294.571006 47
122294.571042 47
122294.573323 47
122294.573352 47
122294.575743 47
122294.575768 47
122294.578351 47
122294.578382 47
122294.580735 47
122294.580771 47
122294.583092 47
122294.583125 47
122294.585599 47
122294.585618 47
122294.587947 47
122294.587971 47
122294.590432 47
122294.590459 47
122294.592828 47
122294.592852 47
122294.595256 47
122294.595296 47
122294.597668 47
122294.597699 47
122294.600096 47
122294.600133 47
122294.602527 47
122294.602562 47
122294.605091 47
122294.605145 47
122294.607383 47
122294.607416 47
122294.609787 47
122294.609819 47
122294.612215 47
122294.612275 47
122294.614643 47
122294.614680 47
122294.617047 47
122294.617081 47
122294.619470 47
122294.619500 47
122294.621894 47
122294.621936 47
122294.662230 47
122294.695696 47
122294.695729 47
122294.698177 47
122294.698225 47
122294.700512 47
122294.700530 47
122294.702993 47
122294.703010 47
122294.705361 47
122294.705390 47
122294.707798 47
122294.707814 47
122294.710257 47
122294.710283 47
122294.712630 47
122294.712648 47
122294.715103 47
122294.715120 47
122294.717478 47
122294.717508 47
122294.719969 47
122294.719987 47
122294.722410 47
122294.722441 47
122294.724835 47
122294.724853 47
122294.727253 47
122294.727270 47
122294.729657 47
122294.729684 47
122294.732038 47
122294.732093 47
122294.735565 47
122294.735588 47
122294.738089 47
122294.738144 47
122294.740420 47
122294.740448 47
122294.742874 47
122294.742938 47
122294.745273 47
122294.745302 47
122294.747698 47
122294.747715 47
122294.750130 47
122294.750172 47
122294.824017 48
122294.824028 48
122294.824046 48
122294.824089 48
122294.826457 48
122294.826473 48
122294.828901 48
122294.828918 48
122294.831314 48
122294.831329 48
122294.833814 48
122294.833828 48
122294.836129 48
122294.836144 48
122294.838568 48
122294.838595 48
122294.840986 48
122294.841003 48
122294.843421 48
122294.843436 48
122294.845914 48
122294.845945 48
122294.848324 48
122294.848383 48
122294.850767 48
122294.850814 48
122294.853192 48
122294.853219 48
122294.855603 48
122294.855629 48
122294.858028 48
122294.858059 48
122294.860508 48
122294.860583 48
122294.862907 48
122294.862935 48
122294.865318 48
122294.865369 48
122294.867739 48
122294.867768 48
122294.870144 48
122294.870171 48
122294.872609 48
122294.872639 48
122294.875026 48
122294.875058 48
122294.877453 48
122294.877484 48
122294.918353 48
122294.953627 48
122294.953663 48
122294.956150 48
122294.956208 48
122294.958543 48
122294.958561 48
122294.960910 48
122294.960938 48
122294.963358 48
122294.963378 48
122294.965749 48
122294.965768 48
122294.968238 48
122294.968257 48
122294.970622 48
122294.970645 48
122294.973069 48
122294.973087 48
122294.975470 48
122294.975501 48
122294.977865 48
122294.977881 48
122294.980312 48
122294.980330 48
122294.982792 48
122294.982815 48
122294.985254 48
122294.985278 48
122294.987662 48
122294.987678 48
122294.990062 48
122294.990107 48
122294.992374 48
122294.992411 48
122294.994836 48
122294.994867 48
122294.997278 48
122294.997309 48
122294.999734 48
122294.999763 48
122295.002143 48
122295.002173 48
122295.004567 48
122295.004584 48
122295.007033 48
122295.007064 48
122295.047219 48
122295.083187 48
122295.083212 48
122295.085615 49
122295.085624 49
122295.085653 49
122295.085666 49
122295.088067 49
122295.088114 49
122295.090470 49
122295.090496 49
122295.092892 49
122295.092920 49
122295.095285 49
122295.095310 49
122295.097746 49
122295.097771 49
122295.100277 49
122295.100309 49
122295.102648 49
122295.102670 49
122295.105104 49
122295.105128 49
122295.107518 49
122295.107546 49
122295.109926 49
122295.109947 49
122295.112316 49
122295.112344 49
122295.114753 49
122295.114782 49
122295.117268 49
122295.117324 49
122295.119651 49
122295.119711 49
122295.122112 49
122295.122148 49
122295.124513 49
122295.124542 49
122295.126952 49
122295.126981 49
122295.129387 49
122295.129437 49
122295.131789 49
122295.131818 49
122295.134226 49
122295.134281 49
122295.136625 49
122295.136656 49
122295.177138 49
122295.214149 49
122295.214179 49
122295.216443 49
122295.216471 49
122295.218917 49
122295.218947 49
122295.221277 49
122295.221293 49
122295.223844 49
122295.223865 49
122295.226311 49
122295.226328 49
122295.228647 49
122295.228672 49
122295.231047 49
122295.231075 49
122295.233478 49
122295.233509 49
122295.235912 49
122295.235968 49
122295.238313 49
122295.238331 49
122295.240715 49
122295.240743 49
122295.243235 49
122295.243262 49
122295.245655 49
122295.245676 49
122295.248069 49
122295.248107 49
122295.250525 49
122295.250567 49
122295.252826 49
122295.252854 49
122295.255281 49
122295.255308 49
122295.257673 49
122295.257708 49
122295.260057 49
122295.260085 49
122295.262544 49
122295.262570 49
122295.264977 49
122295.265030 49
122295.267324 49
122295.267340 49
122295.269807 49
122295.269834 49
122295.344851 49
122295.344880 49
122295.347296 49
122295.347325 49
122295.349751 49
122295.349786 49
122295.352114 50
122295.352123 50
122295.352151 50
122295.352164 50
122295.354540 50
122295.354565 50
122295.356950 50
122295.356978 50
122295.359390 50
122295.359417 50
122295.361808 50
122295.361837 50
122295.364255 50
122295.364285 50
122295.366787 50
122295.366820 50
122295.369165 50
122295.369197 50
122295.371602 50
122295.371633 50
122295.374006 50
122295.374047 50
122295.376434 50
122295.376454 50
122295.378878 50
122295.378906 50
122295.381262 50
122295.381298 50
122295.384869 50
122295.384901 50
122295.387167 50
122295.387196 50
122295.389605 50
122295.389632 50
122295.392133 50
122295.392164 50
122295.394485 50
122295.394510 50
122295.396901 50
122295.396931 50
122295.399321 50
122295.399347 50
122295.401732 50
122295.401769 50
122295.442192 50
122295.479314 50
122295.479329 50
122295.481753 50
122295.481768 50
122295.484183 50
122295.484208 50
122295.486581 50
122295.486595 50
122295.489040 50
122295.489060 50
122295.491417 50
122295.491441 50
122295.493893 50
122295.493907 50
122295.496331 50
122295.496355 50
122295.498774 50
122295.498797 50
122295.501114 50
122295.501146 50
122295.503516 50
122295.503530 50
122295.505931 50
122295.505945 50
122295.508361 50
122295.508382 50
122295.510776 50
122295.510789 50
122295.513194 50
122295.513227 50
122295.515627 50
122295.515643 50
122295.518054 50
122295.518097 50
122295.520478 50
122295.520498 50
122295.522892 50
122295.522904 50
122295.525310 50
122295.525337 50
122295.527729 50
122295.527743 50
122295.530161 50
122295.530193 50
122295.532574 50
122295.532594 50
122295.534996 50
122295.535024 50
122295.576112 50
122295.606533 50
122295.606551 50
122295.608994 50
122295.609016 50
122295.612519 50
122295.612529 50
122295.613799 50
122295.613809 50
122295.616220 51
122295.616225 51
122295.616236 51
122295.616244 51
122295.618648 51
122295.618659 51
122295.621082 51
122295.621095 51
122295.623490 51
122295.623500 51
122295.625912 51
122295.625922 51
122295.628336 51
122295.628351 51
122295.630757 51
122295.630766 51
122295.633181 51
122295.633194 51
122295.635601 51
122295.635619 51
122295.638037 51
122295.638047 51
122295.640456 51
122295.640466 51
122295.642862 51
122295.642872 51
122295.645293 51
122295.645308 51
122295.647719 51
122295.647729 51
122295.650145 51
122295.650165 51
122295.652559 51
122295.652568 51
122295.655016 51
122295.655026 51
122295.657425 51
122295.657440 51
122295.659873 51
122295.659889 51
122295.662273 51
122295.662290 51
122295.664693 51
122295.664702 51
122295.667204 51
122295.667232 51
122295.669576 51
122295.669592 51
122295.671957 51
122295.671967 51
122295.674394 51
122295.674405 51
122295.676827 51
122295.676838 51
122295.679278 51
122295.679294 51
122295.681705 51
122295.681716 51
122295.684160 51
122295.684176 51
122295.686564 51
122295.686575 51
122295.689037 51
122295.689056 51
122295.691317 51
122295.691329 51
122295.693814 51
122295.693825 51
122295.696213 51
122295.696224 51
122295.698711 51
122295.698722 51
122295.701103 51
122295.701115 51
122295.703536 51
122295.703547 51
122295.705918 51
122295.705930 51
122295.708565 51
122295.708606 51
122295.711001 51
122295.711014 51
122295.713427 51
122295.713444 51
122295.715856 51
122295.715870 51
122295.718331 51
122295.718371 51
122295.720733 51
122295.720748 51
122295.723152 51
122295.723166 51
122295.725555 51
122295.725569 51
122295.728031 51
122295.728047 51
122295.730464 51
122295.730478 51
122295.732867 51
122295.732884 51
122295.735278 51
122295.735294 51
122295.737691 51
122295.737707 51
122295.740108 51
122295.740154 51
122295.742507 52
122295.742515 52
122295.742530 52
122295.742563 52
122295.744910 52
122295.744932 52
122295.747379 52
122295.747410 52
122295.749800 52
122295.749814 52
122295.752194 52
122295.752208 52
122295.754649 52
122295.754666 52
122295.757068 52
122295.757083 52
122295.759516 52
122295.759536 52
122295.761914 52
122295.761928 52
122295.764356 52
122295.764370 52
122295.766780 52
122295.766795 52
122295.769178 52
122295.769192 52
122295.771574 52
122295.771589 52
122295.774020 52
122295.774035 52
122295.776459 52
122295.776473 52
122295.778874 52
122295.778889 52
122295.781304 52
122295.781345 52
122295.783742 52
122295.783757 52
122295.786153 52
122295.786167 52
122295.788599 52
122295.788618 52
122295.791012 52
122295.791031 52
122295.793376 52
122295.793392 52
122295.795853 52
122295.795871 52
122295.798321 52
122295.798368 52
122295.800716 52
122295.800757 52
122295.803109 52
122295.803128 52
122295.805548 52
122295.805577 52
122295.807991 52
122295.808008 52
122295.810461 52
122295.810489 52
122295.812791 52
122295.812808 52
122295.815197 52
122295.815211 52
122295.817660 52
122295.817677 52
122295.820166 52
122295.820184 52
122295.822562 52
122295.822579 52
122295.825024 52
122295.825041 52
122295.827438 52
122295.827455 52
122295.829860 52
122295.829880 52
122295.832228 52
122295.832260 52
122295.834647 52
122295.834678 52
122295.837104 52
122295.837127 52
122295.839458 52
122295.839491 52
122295.841922 52
122295.841946 52
122295.844358 52
122295.844388 52
122295.846833 52
122295.846858 52
122295.849226 52
122295.849256 52
122295.851667 52
122295.851698 52
122295.854085 52
122295.854107 52
122295.856466 52
122295.856494 52
122295.858885 52
122295.858899 52
122295.861283 52
122295.861314 52
122295.863737 52
122295.863768 52
122295.866127 52
122295.866149 52
122295.868616 52
122295.868633 52
122295.871015 53
122295.871025 53
122295.871046 53
122295.871090 53
122295.873438 53
122295.873454 53
122295.875903 53
122295.875920 53
122295.878336 53
122295.878365 53
122295.880787 53
122295.880804 53
122295.883301 53
122295.883341 53
122295.885643 53
122295.885660 53
122295.888144 53
122295.888161 53
122295.890583 53
122295.890601 53
122295.893018 53
122295.893060 53
122295.895350 53
122295.895370 53
122295.897782 53
122295.897802 53
122295.900272 53
122295.900295 53
122295.902698 53
122295.902718 53
122295.905097 53
122295.905115 53
122295.907534 53
122295.907553 53
122295.909956 53
122295.909975 53
122295.912380 53
122295.912399 53
122295.914769 53
122295.914788 53
122295.917244 53
122295.917263 53
122295.919588 53
122295.919625 53
122295.922084 53
122295.922125 53
122295.924465 53
122295.924483 53
122295.926939 53
122295.927001 53
122295.929358 53
122295.929390 53
122295.931774 53
122295.931797 53
122295.934229 53
122295.934300 53
122295.936613 53
122295.936636 53
122295.939076 53
122295.939105 53
122295.941418 53
122295.941451 53
122295.943945 53
122295.943978 53
122295.946255 53
122295.946291 53
122295.948817 53
122295.948852 53
122295.951222 53
122295.951241 53
122295.953636 53
122295.953664 53
122295.955975 53
122295.956003 53
122295.958499 53
122295.958537 53
122295.960826 53
122295.960844 53
122295.963314 53
122295.963333 53
122295.965693 53
122295.965719 53
122295.968188 53
122295.968215 53
122295.970600 53
122295.970618 53
122295.972994 53
122295.973014 53
122295.975416 53
122296.002078 54
