122280.665173 10
122280.665209 10
122280.870132 10
122280.870167 10
122280.870189 10
122280.870224 10
122280.870241 10
122280.870256 10
122280.870271 10
122280.870286 10
122280.870300 10
122280.870315 10
122280.970776 11
122280.970784 11
122280.970804 11
122280.971944 12
122280.971951 12
122280.971972 12
122280.973119 13
122280.973127 13
122280.973147 13
122280.974378 14
122280.974385 14
122280.974404 14
122280.975525 15
122280.975533 15
122280.975554 15
122280.976784 16
122280.976791 16
122280.976812 16
122280.977973 17
122280.977980 17
122280.977997 17
122280.979255 18
122280.979262 18
122280.979279 18
122280.980426 19
122280.980434 19
122280.980457 19
122280.984054 20
122280.984062 20
122280.984083 20
122281.084558 21
122281.084567 21
122281.084597 21
122281.085872 22
122281.085879 22
122281.085904 22
122281.087026 23
122281.087045 23
122281.087067 23
122281.088222 24
122281.088230 24
122281.088247 24
122281.089455 25
122281.089464 25
122281.089483 25
122281.090694 26
122281.090701 26
122281.090712 26
122281.091821 27
122281.091828 27
122281.091846 27
122281.093134 28
122281.093142 28
122281.093162 28
122281.094258 29
122281.094266 29
122281.094286 29
122281.095503 30
122281.095512 30
122281.095536 30
122281.096676 31
122281.096684 31
122281.096704 31
122281.097995 32
122281.098005 32
122281.098020 32
122281.099135 33
122281.099190 33
122281.099340 33
122281.100339 34
122281.100347 34
122281.100368 34
122281.101533 35
122281.101541 35
122281.101561 35
122281.102794 36
122281.102802 36
122281.102824 36
122281.103939 37
122281.103947 37
122281.103961 37
122281.105285 38
122281.105294 38
122281.105308 38
122281.108849 39
122281.108875 39
122281.108898 39
122281.110023 40
122281.110030 40
122281.110051 40
122281.211802 41
122281.211810 41
122281.211823 41
122281.212955 42
122281.212963 42
122281.212974 42
122281.214231 43
122281.214241 43
122281.214266 43
122281.215350 44
122281.215356 44
122281.215372 44
122281.216650 45
122281.216658 45
122281.216670 45
122281.217866 46
122281.217877 46
122281.217911 46
122281.219126 47
122281.219133 47
122281.219145 47
122281.220295 48
122281.220305 48
122281.220324 48
122281.221539 49
122281.221549 49
122281.221568 49
122281.222723 50
122281.222733 50
122281.222851 50
122281.223926 51
122281.223937 51
122281.223973 51
122281.225144 52
122281.225155 52
122281.225183 52
122281.226326 53
122281.226333 53
122281.226347 53
122281.227482 54
122281.227489 54
122281.227510 54
122281.228722 55
122281.228729 55
122281.228740 55
122281.229938 56
122281.229945 56
122281.229966 56
122281.231171 57
122281.231178 57
122281.231197 57
122281.232317 58
122281.232324 58
122281.232344 58
122281.233551 59
122281.233558 59
122281.233577 59
122281.234787 60
122281.234794 60
122281.234806 60
122281.236022 61
122281.236029 61
122281.236050 61
122281.237193 62
122281.237200 62
122281.237220 62
122281.238457 63
122281.238467 63
122281.238492 63
122281.239672 63
122281.240889 62
122281.243238 59
122281.245675 56
122281.250513 53
122281.352225 51
122281.354692 49
122281.357225 46
122281.359570 43
122281.361972 40
122281.364391 37
122281.366783 34
122281.369181 31
122281.370426 31
122281.370436 31
122281.371650 31
122281.371664 31
122281.372857 31
122281.372871 31
122281.374124 31
122281.374138 31
122281.375263 31
122281.375277 31
122281.376496 31
122281.376509 31
122281.377683 31
122281.377695 31
122281.378914 31
122281.378927 31
122281.380143 31
122281.380158 31
122281.381317 31
122281.382562 31
122281.383768 31
122281.387362 31
122281.489173 31
122281.490398 31
122281.491632 31
122281.492780 31
122281.494008 31
122281.495322 31
122281.496448 31
122281.497669 31
122281.498905 31
122281.500165 31
122281.501306 31
122281.502515 31
122281.503731 31
122281.504963 31
122281.506085 31
122281.507335 31
122281.508551 31
122281.509772 31
122281.510929 31
122281.512236 31
122281.513354 31
122281.514597 31
122281.515829 31
122281.517065 31
122281.518257 31
122281.519448 31
122281.520616 31
122281.521868 31
122281.521895 31
122281.523088 31
122281.526696 31
122281.629593 31
122281.630820 31
122281.632167 31
122281.633271 31
122281.634621 31
122281.635747 31
122281.636971 31
122281.638305 31
122281.639373 31
122281.640620 31
122281.641892 31
122281.643007 31
122281.644238 31
122281.645360 31
122281.646611 31
122281.647836 31
122281.648973 31
122281.650193 31
122281.651440 31
122281.652615 31
122281.653860 31
122281.655064 31
122281.656295 31
122281.657510 31
122281.658690 31
122281.659932 31
122281.661136 31
122281.662356 31
122281.663574 31
122281.667198 31
122281.771390 30
122281.773813 28
122281.776322 27
122281.778696 26
122281.781133 25
122281.783508 24
122281.785935 23
122281.788255 22
122281.790722 21
122281.793145 20
122281.795580 19
122281.797997 18
122281.800431 17
122281.804062 15
122281.807647 15
122281.910659 15
122281.911848 15
122281.913112 16
122281.913137 16
122281.913163 16
122281.914368 16
122281.915483 16
122281.916723 16
122281.917899 16
122281.919132 16
122281.920409 16
122281.921535 16
122281.922805 16
122281.924052 16
122281.925238 16
122281.926378 16
122281.930071 16
122282.032946 16
122282.034190 16
122282.035379 16
122282.036563 16
122282.037863 17
122282.037872 17
122282.037897 17
122282.038999 17
122282.040240 17
122282.041416 17
122282.042659 17
122282.043813 17
122282.045128 17
122282.046334 17
122282.047513 17
122282.048724 17
122282.049905 17
122282.054742 17
122282.157662 17
122282.158932 17
122282.160251 17
122282.161349 17
122282.162561 17
122282.163812 17
122282.164992 18
122282.164999 18
122282.165040 18
122282.166304 18
122282.167441 18
122282.168679 18
122282.169835 18
122282.171147 18
122282.172211 18
122282.173469 18
122282.174645 18
122282.175883 18
122282.181925 18
122282.284850 18
122282.286088 18
122282.287252 18
122282.288483 18
122282.289696 18
122282.290943 18
122282.292129 18
122282.293305 18
122282.294541 19
122282.294548 19
122282.294563 19
122282.295760 19
122282.296954 19
122282.298157 19
122282.299380 19
122282.300601 19
122282.301809 19
122282.303112 19
122282.304212 19
122282.310255 19
122282.414464 19
122282.415674 19
122282.416879 19
122282.418091 19
122282.419307 19
122282.420484 19
122282.421724 19
122282.422920 19
122282.424165 19
122282.425390 19
122282.426604 20
122282.426611 20
122282.426628 20
122282.427786 20
122282.429038 20
122282.430187 20
122282.431390 20
122282.432635 20
122282.433804 20
122282.435170 20
122282.441214 20
122282.544116 20
122282.545267 20
122282.546470 20
122282.547659 20
122282.548940 20
122282.550106 20
122282.551321 20
122282.552526 20
122282.553720 20
122282.554939 20
122282.556147 20
122282.557360 20
122282.558575 21
122282.558580 21
122282.558589 21
122282.559802 21
122282.561025 21
122282.562192 21
122282.563428 21
122282.564641 21
122282.565818 21
122282.571956 21
122282.676142 21
122282.677396 21
122282.678630 21
122282.679829 21
122282.680932 21
122282.682172 21
122282.683414 21
122282.684617 21
122282.685808 21
122282.687067 21
122282.688213 21
122282.689443 21
122282.690638 21
122282.691852 21
122282.693055 22
122282.693089 22
122282.693116 22
122282.694399 22
122282.695492 22
122282.696717 22
122282.697933 22
122282.699124 22
122282.705248 22
122284.791147 23
122284.791164 23
122284.793545 23
122284.793558 23
122284.796121 23
122284.796134 23
122284.798383 23
122284.798404 23
122284.800862 23
122284.800887 23
122284.803228 24
122284.803237 24
122284.803261 24
122284.803272 24
122284.805678 24
122284.805699 24
122284.808123 24
122284.808145 24
122284.810555 24
122284.810579 24
122284.815343 24
122284.815366 24
122284.860136 24
122284.860148 24
122284.884360 24
122284.884374 24
122284.886919 24
122284.886933 24
122284.889198 24
122284.889216 24
122284.891720 24
122284.891756 24
122284.894123 24
122284.894143 24
122284.896525 24
122284.896547 24
122284.899048 24
122284.899069 24
122284.901332 24
122284.901344 24
122284.903797 24
122284.903817 24
122284.906181 24
122284.906195 24
122284.911088 24
122284.911113 24
122284.954676 24
122284.954694 24
122284.978808 24
122284.978824 24
122284.981234 24
122284.981250 24
122284.983667 24
122284.983682 24
122284.986106 24
122284.986121 24
122284.988489 24
122284.988504 24
122284.991036 24
122284.991057 24
122284.993352 24
122284.993371 24
122284.995820 25
122284.995827 25
122284.995846 25
122284.995862 25
122284.998197 25
122284.998227 25
122285.000677 25
122285.000695 25
122285.005502 25
122285.005514 25
122285.050322 25
122285.050337 25
122285.074593 25
122285.074604 25
122285.077050 25
122285.077062 25
122285.079363 25
122285.079382 25
122285.081851 25
122285.081860 25
122285.084215 25
122285.084233 25
122285.086651 25
122285.086669 25
122285.089050 25
122285.089085 25
122285.091489 25
122285.091506 25
122285.093917 25
122285.093935 25
122285.096361 25
122285.096390 25
122285.101174 25
122285.101191 25
122285.143115 25
122285.148413 25
122285.148433 25
122285.172659 25
122285.172670 25
122285.175205 25
122285.175240 25
122285.177546 25
122285.177566 25
122285.180087 25
122285.180133 25
122285.182380 25
122285.182392 25
122285.184798 25
122285.184816 25
122285.187203 25
122285.187224 25
122285.189624 25
122285.189648 25
122285.192128 26
122285.192135 26
122285.192161 26
122285.192174 26
122285.194446 26
122285.194476 26
122285.199325 26
122285.199363 26
122285.246554 26
122285.246576 26
122285.270775 26
122285.270804 26
122285.273296 26
122285.273318 26
122285.275647 26
122285.275669 26
122285.278145 26
122285.278170 26
122285.280595 26
122285.280608 26
122285.282945 26
122285.282967 26
122285.285347 26
122285.285370 26
122285.287823 26
122285.287845 26
122285.290253 26
122285.290282 26
122285.292641 26
122285.292666 26
122285.295020 26
122285.295043 26
122285.299926 26
122285.299943 26
122285.345848 26
122285.345869 26
122285.370143 26
122285.370185 26
122285.372525 26
122285.372546 26
122285.374989 26
122285.375025 26
122285.377349 26
122285.377393 26
122285.379839 26
122285.379853 26
122285.382252 26
122285.382266 26
122285.384612 26
122285.384625 26
122285.387042 26
122285.387084 26
122285.389472 26
122285.389483 26
122285.391916 26
122285.391928 26
122285.394305 27
122285.394312 27
122285.394324 27
122285.394335 27
122285.399215 27
122285.399237 27
122285.446402 27
122285.446424 27
122285.470622 27
122285.470653 27
122285.473148 27
122285.473214 27
122285.475477 27
122285.475489 27
122285.477923 27
122285.477944 27
122285.480292 27
122285.480326 27
122285.482718 27
122285.482740 27
122285.485159 27
122285.485180 27
122285.487590 27
122285.487612 27
122285.489975 27
122285.489995 27
122285.492428 27
122285.492451 27
122285.494857 27
122285.494877 27
122285.499727 27
122285.499741 27
122285.540169 27
122285.549309 27
122285.549331 27
122285.573576 27
122285.573590 27
122285.576170 27
122285.576196 27
122285.578428 27
122285.578459 27
122285.580889 27
122285.580911 27
122285.583276 27
122285.583300 27
122285.585682 27
122285.585704 27
122285.588164 27
122285.588187 27
122285.590507 27
122285.590529 27
122285.592916 27
122285.592938 27
122285.595392 27
122285.595415 27
122285.597837 27
122285.597860 27
122285.602710 28
122285.602719 28
122285.602741 28
122285.602751 28
122285.652274 28
122285.652296 28
122285.676538 28
122285.676559 28
122285.679049 28
122285.679067 28
122285.681356 28
122285.681372 28
122285.683816 28
122285.683840 28
122285.686314 28
122285.686348 28
122285.688672 28
122285.688693 28
122285.691093 28
122285.691116 28
122285.693476 28
122285.693494 28
122285.695924 28
122285.695946 28
122285.698345 28
122285.698359 28
122285.700775 28
122285.700797 28
122285.705600 28
122285.705622 28
122285.708083 28
122285.708107 28
122285.756456 28
122285.756477 28
122285.780773 28
122285.780789 28
122285.783189 28
122285.783213 28
122285.785625 28
122285.785650 28
122285.787942 28
122285.787955 28
122285.790347 28
122285.790359 28
122285.792840 28
122285.792856 28
122285.795301 28
122285.795314 28
122285.797617 28
122285.797631 28
122285.800095 28
122285.800128 28
122285.802487 28
122285.802500 28
122285.804957 28
122285.804971 28
122285.809759 28
122285.809773 28
122285.812224 28
122285.812237 28
122285.860573 29
122285.860580 29
122285.860599 29
122285.860625 29
122285.876043 29
