122280.308035 0
122280.308508 0
122280.446072 0
122280.545827 0
122280.546109 0
122280.749280 0
122280.850015 0
122285.855243 0
122286.003072 0
122286.075748 0
122286.075880 0
122286.191032 0
122286.266171 0
122286.266229 1
122290.836419 0
122290.836465 0
122291.050997 0
122291.051039 1
122291.051054 2
122291.051084 3
122291.051102 4
122291.051114 5
122291.051127 6
122291.051140 7
122291.051151 8
122291.051163 9
122291.157715 9
122291.157724 9
122291.157751 10
122291.158966 10
122291.158976 10
122291.159003 11
122291.160172 11
122291.160180 11
122291.160198 12
122291.161289 12
122291.161299 12
122291.161324 13
122291.162534 13
122291.162543 13
122291.162568 14
122291.163768 14
122291.163778 14
122291.163805 15
122291.164925 15
122291.164934 15
122291.164960 16
122291.166131 16
122291.166140 16
122291.166165 17
122291.167352 17
122291.167361 17
122291.167385 18
122291.168597 18
122291.168618 18
122291.168643 19
122291.277678 19
122291.277704 19
122291.277735 20
122291.278816 20
122291.278841 20
122291.278871 21
122291.280151 21
122291.280166 21
122291.280210 22
122291.281252 22
122291.281270 22
122291.281307 23
122291.282439 23
122291.282449 23
122291.282480 24
122291.283668 24
122291.283677 24
122291.283711 25
122291.284881 25
122291.284890 25
122291.284919 26
122291.286099 26
122291.286108 26
122291.286141 27
122291.287275 27
122291.287284 27
122291.287317 28
122291.288514 28
122291.288522 28
122291.288554 29
122291.289726 29
122291.289735 29
122291.289768 30
122291.290920 30
122291.290928 30
122291.290960 31
122291.292136 31
122291.292187 31
122291.292329 32
122291.293304 32
122291.293313 32
122291.293346 33
122291.294582 33
122291.294591 33
122291.294623 34
122291.295757 34
122291.295766 34
122291.295794 35
122291.296997 35
122291.297005 35
122291.297038 36
122291.298222 36
122291.298230 36
122291.298263 37
122291.299471 37
122291.299479 37
122291.299511 38
122291.300644 38
122291.300652 38
122291.300684 39
122291.408479 39
122291.408489 39
122291.408529 40
122291.409631 40
122291.409657 40
122291.409693 41
122291.410894 41
122291.410904 41
122291.410935 42
122291.412069 42
122291.412078 42
122291.412101 43
122291.413271 43
122291.413281 43
122291.413305 44
122291.414563 44
122291.414582 44
122291.414625 45
122291.415709 45
122291.415724 45
122291.415760 46
122291.416940 46
122291.416971 46
122291.417011 47
122291.418192 47
122291.418235 47
122291.418271 48
122291.419383 48
122291.419393 48
122291.419543 49
122291.420661 49
122291.420682 49
122291.420733 50
122291.421830 50
122291.421864 50
122291.421907 51
122291.423008 51
122291.423017 51
122291.423057 52
122291.424205 52
122291.424214 52
122291.424251 53
122291.425378 53
122291.425389 53
122291.425421 54
122291.426552 54
122291.426561 54
122291.426588 55
122291.427798 55
122291.427807 55
122291.427833 56
122291.429045 56
122291.430286 55
122291.432644 52
122291.435157 49
122291.437567 46
122291.439901 43
122291.547801 40
122291.550260 38
122291.552624 36
122291.555061 33
122291.557367 30
122291.559782 27
122291.561028 26
122291.561055 27
122291.562246 26
122291.562273 27
122291.563398 26
122291.563423 27
122291.564642 26
122291.564668 27
122291.565886 26
122291.565914 27
122291.567141 26
122291.567189 27
122291.568357 26
122291.568391 27
122291.569535 26
122291.569561 27
122291.570718 27
122291.571992 27
122291.573192 27
122291.574438 27
122291.575601 27
122291.632494 27
122291.633717 27
122291.634927 27
122291.636234 27
122291.637309 27
122291.638607 27
122291.639778 27
122291.641019 27
122291.642252 27
122291.643466 27
122291.644668 27
122291.645844 27
122291.647102 27
122291.648295 27
122291.649454 27
122291.650681 27
122291.651891 27
122291.653132 27
122291.654386 27
122291.655571 27
122291.656798 27
122291.657950 27
122291.659242 27
122291.660370 26
122291.660410 27
122291.661599 27
122291.662811 27
122291.664026 27
122291.719717 27
122291.720963 27
122291.722193 27
122291.723358 27
122291.724606 27
122291.725819 27
122291.727030 27
122291.728210 27
122291.729398 27
122291.730696 27
122291.731838 27
122291.733132 27
122291.734188 27
122291.735471 27
122291.736629 27
122291.737869 27
122291.739067 27
122291.740266 27
122291.741478 27
122291.742737 27
122291.743940 27
122291.745145 27
122291.746389 27
122291.747597 27
122291.748849 27
122291.748858 27
122291.748886 28
122291.750056 28
122291.751271 28
122291.752407 28
122291.809328 28
122291.810603 28
122291.811767 28
122291.813156 28
122291.814158 28
122291.815397 28
122291.816589 28
122291.817930 28
122291.819088 28
122291.820276 28
122291.821514 28
122291.822770 28
122291.823918 28
122291.825122 28
122291.826290 28
122291.827542 28
122291.828688 28
122291.829951 28
122291.831233 28
122291.832365 28
122291.833530 28
122291.834783 28
122291.836008 28
122291.837239 28
122291.838392 28
122291.839629 28
122291.840826 28
122291.840835 28
122291.840851 29
122291.842093 29
122291.843230 29
122291.901396 29
122291.902637 29
122291.903940 29
122291.905054 29
122291.906236 29
122291.907447 29
122291.908752 29
122291.909856 29
122291.911197 29
122291.912359 29
122291.913582 29
122291.914743 29
122291.915908 29
122291.917174 29
122291.918367 29
122291.919576 29
122291.920821 29
122291.922048 29
122291.923199 29
122291.924428 29
122291.925616 29
122291.926819 29
122291.928177 29
122291.929309 29
122291.930556 29
122291.931748 29
122291.932986 29
122291.934259 29
122291.935435 29
122291.935445 29
122291.935478 30
122291.936594 30
122291.993479 30
122291.994670 30
122291.995895 30
122291.997166 30
122291.998365 30
122291.999531 30
122292.000793 30
122292.001920 30
122292.003210 30
122292.004377 30
122292.005534 30
122292.006807 30
122292.008065 30
122292.009249 30
122292.010461 30
122292.011607 30
122292.012870 30
122292.014080 30
122292.015209 30
122292.016438 30
122292.017695 30
122292.018905 30
122292.020151 30
122292.021289 30
122292.022554 30
122292.023748 30
122292.024962 30
122292.026164 30
122292.027348 30
122292.028577 30
122292.029798 30
122292.029807 30
122292.029847 31
122292.087945 31
122292.089207 31
122292.090364 31
122292.091637 31
122292.092811 31
122292.094041 31
122292.095298 31
122292.096367 31
122292.097640 31
122292.098913 31
122292.100093 31
122292.101302 31
122292.102528 31
122292.103752 31
122292.104935 31
122292.106220 31
122292.107281 31
122292.108535 31
122292.109735 31
122292.110981 31
122292.112157 31
122292.113354 31
122292.114607 31
122292.115790 31
122292.117035 31
122292.118256 31
122292.119401 31
122292.120639 31
122292.121853 31
122292.123072 31
122292.124247 31
122292.125463 31
122292.184837 31
122292.184847 31
122292.184884 32
122292.186155 32
122292.187214 32
122292.188445 32
122292.189639 32
122292.190977 32
122292.192143 32
122292.193354 32
122292.194564 32
122292.195820 32
122292.197003 32
122292.198225 32
122292.199365 32
122292.200683 32
122292.201839 32
122292.203097 32
122292.204212 32
122292.205389 32
122292.206608 32
122292.207842 32
122292.209103 32
122292.210235 32
122292.211434 32
122292.212690 32
122292.213897 32
122292.215135 32
122292.216299 32
122292.217497 32
122292.218756 32
122292.219994 32
122292.221199 32
122292.222413 32
122292.283050 32
122292.284206 32
122292.285396 32
122292.285437 32
122292.285491 33
122292.286596 33
122292.287775 33
122292.288964 33
122292.290262 33
122292.291427 33
122292.292646 33
122292.293857 33
122292.295108 33
122292.296292 33
122292.297510 33
122292.298671 33
122292.299955 33
122292.301121 33
122292.302373 33
122292.303544 33
122292.304729 33
122292.305969 33
122292.307192 33
122292.308347 33
122292.309586 33
122292.310785 33
122292.311980 33
122292.313191 33
122292.314428 33
122292.315623 33
122292.316835 33
122292.318085 33
122292.319268 33
122292.320453 33
122292.321657 33
122292.381091 33
122292.382290 33
122292.383489 33
122292.384655 33
122292.385855 33
122292.385864 33
122292.385898 34
122292.387230 34
122292.388393 34
122292.389575 34
122292.390781 34
122292.391909 34
122292.393200 34
122292.394467 34
122292.395635 34
122292.396810 34
122292.398051 34
122292.399318 34
122292.400430 34
122292.401639 34
122292.402911 34
122292.404107 34
122292.405240 34
122292.406460 34
122292.407727 34
122292.408918 34
122292.410131 34
122292.411342 34
122292.412545 34
122292.413761 34
122292.414955 34
122292.416156 34
122292.417364 34
122292.418656 34
122292.419794 34
122292.422266 34
122292.482781 34
122292.484083 34
122292.485146 34
122292.486405 34
122292.487657 34
122292.488903 34
122292.490087 34
122292.490096 34
122292.490145 35
122292.491397 35
122292.492497 35
122292.493778 35
122292.494941 35
122292.496208 35
122292.497285 35
122292.498568 35
122292.499776 35
122292.501097 35
122292.502253 35
122292.503430 35
122292.504629 35
122292.505802 35
122292.507030 35
122292.508195 35
122292.509389 35
122292.510611 35
122292.511818 35
122292.513078 35
122292.514273 35
122292.515446 35
122292.516670 35
122292.517888 35
122292.519095 35
122292.520294 35
122292.521501 35
122292.522713 35
122292.523928 35
122292.585711 35
122292.586939 35
122292.588172 35
122292.589332 35
122292.590567 35
122292.591806 35
122292.593177 35
122292.594333 35
122292.595547 35
122292.595557 35
122292.595575 36
122292.596709 36
122292.597863 36
122292.599114 36
122292.600364 36
122292.601541 36
122292.602706 36
122292.603997 36
122292.605193 36
122292.606362 36
122292.607571 36
122292.608794 36
122292.609947 36
122292.611160 36
122292.612350 36
122292.613560 36
122292.614791 36
122292.615991 36
122292.617236 36
122292.618427 36
122292.619637 36
122292.620841 36
122292.622076 36
122292.623260 36
122292.624476 36
122292.625714 36
122292.626918 36
122292.628118 36
122292.691172 36
122292.692301 36
122292.693515 36
122292.694805 36
122292.696028 36
122292.697227 36
122292.698391 36
122292.699627 36
122292.700901 36
122292.702062 36
122292.703296 36
122292.703306 36
122292.703358 37
122292.704548 37
122292.705713 37
122292.707029 37
122292.708178 37
122292.709410 37
122292.710505 37
122292.711781 37
122292.712976 37
122292.714226 37
122292.715381 37
122292.716626 37
122292.717799 37
122292.719001 37
122292.720183 37
122292.721367 37
122292.722602 37
122292.723791 37
122292.724989 37
122292.726204 37
122292.727412 37
122292.728618 37
122292.729837 37
122292.731090 37
122292.732285 37
122292.733503 37
122292.734682 37
122293.825990 42
122293.826023 43
122293.828416 42
122293.828454 43
122293.830857 42
122293.830879 43
122293.833303 42
122293.833341 43
122293.835663 42
122293.835693 43
122293.838147 42
122293.838166 43
122293.840586 42
122293.840604 43
122293.842972 42
122293.842990 43
122293.845544 42
122293.845562 43
122293.847903 42
122293.847922 43
122293.850344 42
122293.850364 43
122293.852745 42
122293.852764 43
122293.855192 42
122293.855211 43
122293.857542 42
122293.857561 43
122293.859945 42
122293.859962 43
122293.862387 42
122293.862405 43
122293.864791 42
122293.864821 43
122293.867185 42
122293.867213 43
122293.869661 42
122293.869689 43
122293.872077 42
122293.872103 43
122293.874498 42
122293.874515 43
122293.876912 42
122293.876940 43
122293.947131 42
122293.947159 43
122293.949502 42
122293.949516 43
122293.951944 42
122293.951958 43
122293.954347 42
122293.954360 43
122293.956833 42
122293.956846 43
122293.959256 42
122293.959270 43
122293.961627 42
122293.961647 43
122293.964145 42
122293.964180 43
122293.966517 42
122293.966543 43
122293.968917 42
122293.968947 43
122293.971277 42
122293.971292 43
122293.973719 42
122293.973744 43
122293.976166 42
122293.976182 43
122293.978572 42
122293.978587 43
122293.980991 42
122293.981044 43
122293.983500 42
122293.983527 43
122293.985916 42
122293.985938 43
122293.988344 42
122293.988370 43
122293.990777 42
122293.990804 43
122293.993135 42
122293.993148 42
122293.993186 43
122293.993205 44
122293.995585 43
122293.995609 44
122293.998072 43
122293.998102 44
122294.069444 43
122294.069472 44
122294.071851 43
122294.071880 44
122294.074327 43
122294.074355 44
122294.076740 43
122294.076766 44
122294.079193 43
122294.079214 44
122294.081569 43
122294.081597 44
122294.083997 43
122294.084014 44
122294.086432 43
122294.086469 44
122294.088840 43
122294.088869 44
122294.091366 43
122294.091394 44
122294.093798 43
122294.093856 44
122294.096220 43
122294.096249 44
122294.098636 43
122294.098663 44
122294.101056 43
122294.101074 44
122294.103434 43
122294.103464 44
122294.105799 43
122294.105816 44
122294.108321 43
122294.108364 44
122294.110754 43
122294.110785 44
122294.113176 43
122294.113217 44
122294.115571 43
122294.115602 44
122294.118022 43
122294.118076 44
122294.120426 43
122294.120467 44
122294.161300 44
122294.191846 43
122294.191878 44
122294.194236 43
122294.194265 44
122294.196706 43
122294.196738 44
122294.199191 43
122294.199237 44
122294.201541 43
122294.201603 44
122294.204000 43
122294.204025 44
122294.206482 43
122294.206549 44
122294.208835 43
122294.208896 44
122294.211192 43
122294.211210 44
122294.213654 43
122294.213682 44
122294.216109 43
122294.216145 44
122294.218497 43
122294.218535 44
122294.220974 43
122294.221010 44
122294.223425 43
122294.223485 44
122294.225770 43
122294.225798 44
122294.228201 43
122294.228240 44
122294.231765 43
122294.231792 44
122294.234153 43
122294.234177 44
122294.236580 43
122294.236616 44
122294.239044 43
122294.239084 44
122294.241429 43
122294.241438 43
122294.241473 44
122294.241504 45
122294.243852 44
122294.243886 45
122294.315300 44
122294.315333 45
122294.317820 44
122294.317859 45
122294.320160 44
122294.320199 45
122294.322609 44
122294.322624 45
122294.325057 44
122294.325074 45
122294.327472 44
122294.327499 45
122294.329892 44
122294.329909 45
122294.332267 44
122294.332300 45
122294.334722 44
122294.334742 45
122294.337239 44
122294.337265 45
122294.339654 44
122294.339677 45
122294.342039 44
122294.342079 45
122294.344533 44
122294.344607 45
122294.346949 44
122294.346986 45
122294.349374 44
122294.349439 45
122294.351757 44
122294.351789 45
122294.354126 44
122294.354142 45
122294.356562 44
122294.356578 45
122294.358979 44
122294.358996 45
122294.361405 44
122294.361421 45
122294.363813 44
122294.363828 45
122294.366248 44
122294.366267 45
122294.368680 44
122294.368698 45
122294.441239 44
122294.441266 45
122294.443722 44
122294.443736 45
122294.446316 44
122294.446343 45
122294.448587 44
122294.448626 45
122294.451066 44
122294.451104 45
122294.453467 44
122294.453508 45
122294.455877 44
122294.455919 45
122294.458345 44
122294.458362 45
122294.460655 44
122294.460702 45
122294.463245 44
122294.463299 45
122294.465571 44
122294.465609 45
122294.468059 44
122294.468090 45
122294.470486 44
122294.470511 45
122294.472893 44
122294.472919 45
122294.475343 44
122294.475383 45
122294.477741 44
122294.477790 45
122294.480214 44
122294.480245 45
122294.482610 44
122294.482666 45
122294.485014 44
122294.485069 45
122294.487459 44
122294.487490 45
122294.489841 44
122294.489870 45
122294.492245 44
122294.492286 45
122294.494720 44
122294.494730 44
122294.494774 45
122294.494799 46
122294.568538 45
122294.568596 46
122294.571011 45
122294.571047 46
122294.573327 45
122294.573385 46
122294.575747 45
122294.575773 46
122294.578356 45
122294.578412 46
122294.580739 45
122294.580798 46
122294.583097 45
122294.583149 46
122294.585604 45
122294.585622 46
122294.587952 45
122294.587975 46
122294.590436 45
122294.590463 46
122294.592833 45
122294.592856 46
122294.595260 45
122294.595326 46
122294.597672 45
122294.597725 46
122294.600100 45
122294.600160 46
122294.602531 45
122294.602587 46
122294.605118 45
122294.605149 46
122294.607388 45
122294.607431 46
122294.609791 45
122294.609823 46
122294.612241 45
122294.612279 46
122294.614647 45
122294.614685 46
122294.617051 45
122294.617106 46
122294.619474 45
122294.619504 46
122294.621899 45
122294.621963 46
122294.662234 46
122294.695701 45
122294.695733 46
122294.698181 45
122294.698229 46
122294.700517 45
122294.700534 46
122294.702997 45
122294.703015 46
122294.705365 45
122294.705395 46
122294.707802 45
122294.707818 46
122294.710260 45
122294.710287 46
122294.712634 45
122294.712652 46
122294.715107 45
122294.715124 46
122294.717482 45
122294.717512 46
122294.719973 45
122294.719990 46
122294.722415 45
122294.722445 46
122294.724839 45
122294.724857 46
122294.727257 45
122294.727274 46
122294.729661 45
122294.729688 46
122294.732043 45
122294.732098 46
122294.735569 45
122294.735592 46
122294.738110 45
122294.738149 46
122294.740425 45
122294.740452 46
122294.742913 45
122294.742942 46
122294.745277 45
122294.745306 46
122294.747702 45
122294.747719 46
122294.750147 45
122294.750176 46
122294.824022 45
122294.824032 45
122294.824073 46
122294.824117 47
122294.826461 46
122294.826476 47
122294.828905 46
122294.828922 47
122294.831318 46
122294.831332 47
122294.833818 46
122294.833832 47
122294.836133 46
122294.836148 47
122294.838572 46
122294.838599 47
122294.840991 46
122294.841007 47
122294.843425 46
122294.843440 47
122294.845918 46
122294.845958 47
122294.848349 46
122294.848396 47
122294.850770 46
122294.850843 47
122294.853196 46
122294.853223 47
122294.855608 46
122294.855634 47
122294.858032 46
122294.858084 47
122294.860549 46
122294.860587 47
122294.862911 46
122294.862939 47
122294.865347 46
122294.865373 47
122294.867743 46
122294.867791 47
122294.870148 46
122294.870175 47
122294.872613 46
122294.872644 47
122294.875030 46
122294.875071 47
122294.877458 46
122294.877489 47
122294.918357 47
122294.953631 46
122294.953666 47
122294.956174 46
122294.956213 47
122294.958547 46
122294.958586 47
122294.960914 46
122294.960943 47
122294.963362 46
122294.963402 47
122294.965753 46
122294.965791 47
122294.968242 46
122294.968283 47
122294.970626 46
122294.970668 47
122294.973073 46
122294.973118 47
122294.975476 46
122294.975505 47
122294.977869 46
122294.977885 47
122294.980316 46
122294.980356 47
122294.982797 46
122294.982824 47
122294.985258 46
122294.985282 47
122294.987666 46
122294.987682 47
122294.990084 46
122294.990111 47
122294.992378 46
122294.992415 47
122294.994841 46
122294.994871 47
122294.997283 46
122294.997313 47
122294.999738 46
122294.999768 47
122295.002148 46
122295.002177 47
122295.004571 46
122295.004588 47
122295.007037 46
122295.007068 47
122295.047223 47
122295.083191 46
122295.083216 47
122295.085619 46
122295.085628 46
122295.085656 47
122295.085669 48
122295.088071 47
122295.088135 48
122295.090474 47
122295.090500 48
122295.092896 47
122295.092924 48
122295.095288 47
122295.095314 48
122295.097750 47
122295.097775 48
122295.100281 47
122295.100321 48
122295.102651 47
122295.102696 48
122295.105107 47
122295.105132 48
122295.107522 47
122295.107550 48
122295.109930 47
122295.109971 48
122295.112319 47
122295.112348 48
122295.114757 47
122295.114807 48
122295.117293 47
122295.117328 48
122295.119679 47
122295.119716 48
122295.122121 47
122295.122152 48
122295.124517 47
122295.124569 48
122295.126956 47
122295.127008 48
122295.129409 47
122295.129447 48
122295.131792 47
122295.131845 48
122295.134250 47
122295.134297 48
122295.136629 47
122295.136687 48
122295.177142 48
122295.214154 47
122295.214196 48
122295.216447 47
122295.216475 48
122295.218930 47
122295.218957 48
122295.221281 47
122295.221297 48
122295.223852 47
122295.223872 48
122295.226315 47
122295.226332 48
122295.228651 47
122295.228676 48
122295.231051 47
122295.231094 48
122295.233482 47
122295.233514 48
122295.235938 47
122295.235973 48
122295.238317 47
122295.238335 48
122295.240719 47
122295.240747 48
122295.243239 47
122295.243266 48
122295.245658 47
122295.245680 48
122295.248073 47
122295.248111 48
122295.250529 47
122295.250589 48
122295.252830 47
122295.252858 48
122295.255285 47
122295.255312 48
122295.257677 47
122295.257711 48
122295.260060 47
122295.260089 48
122295.262548 47
122295.262574 48
122295.264981 47
122295.265034 48
122295.267328 47
122295.267344 48
122295.269810 47
122295.269838 48
122295.344855 47
122295.344884 48
122295.347300 47
122295.347329 48
122295.349755 47
122295.349790 48
122295.352118 47
122295.352127 47
122295.352155 48
122295.352168 49
122295.354544 48
122295.354569 49
122295.356954 48
122295.356981 49
122295.359394 48
122295.359421 49
122295.361812 48
122295.361841 49
122295.364259 48
122295.364289 49
122295.366792 48
122295.366824 49
122295.369170 48
122295.369202 49
122295.371606 48
122295.371637 49
122295.374010 48
122295.374051 49
122295.376439 48
122295.376458 49
122295.378882 48
122295.378911 49
122295.381266 48
122295.381302 49
122295.384873 48
122295.384906 49
122295.387172 48
122295.387200 49
122295.389609 48
122295.389636 49
122295.392139 48
122295.392168 49
122295.394488 48
122295.394514 49
122295.396905 48
122295.396934 49
122295.399325 48
122295.399351 49
122295.401747 48
122295.401773 49
122295.442196 49
122295.479318 48
122295.479333 49
122295.481757 48
122295.481771 49
122295.484186 48
122295.484212 49
122295.486585 48
122295.486598 49
122295.489043 48
122295.489083 49
122295.491420 48
122295.491444 49
122295.493897 48
122295.493910 49
122295.496334 48
122295.496358 49
122295.498777 48
122295.498800 49
122295.501117 48
122295.501149 49
122295.503519 48
122295.503533 49
122295.505934 48
122295.505948 49
122295.508364 48
122295.508385 49
122295.510779 48
122295.510792 49
122295.513197 48
122295.513230 49
122295.515630 48
122295.515646 49
122295.518067 48
122295.518100 49
122295.520480 48
122295.520501 49
122295.522894 48
122295.522907 49
122295.525313 48
122295.525340 49
122295.527732 48
122295.527746 49
122295.530164 48
122295.530196 49
122295.532577 48
122295.532597 49
122295.535002 48
122295.535046 49
122295.576114 49
122295.606535 48
122295.606553 49
122295.608996 48
122295.609018 49
122295.612521 48
122295.612531 49
122295.613801 48
122295.613811 49
122295.616223 48
122295.616228 48
122295.616238 49
122295.616246 50
122295.618651 49
122295.618661 50
122295.621085 49
122295.621118 50
122295.623493 49
122295.623502 50
122295.625914 49
122295.625924 50
122295.628338 49
122295.628353 50
122295.630759 49
122295.630769 50
122295.633183 49
122295.633196 50
122295.635604 49
122295.635621 50
122295.638039 49
122295.638049 50
122295.640458 49
122295.640468 50
122295.642864 49
122295.642874 50
122295.645295 49
122295.645310 50
122295.647721 49
122295.647732 50
122295.650156 49
122295.650174 50
122295.652561 49
122295.652571 50
122295.655018 49
122295.655036 50
122295.657429 49
122295.657444 50
122295.659878 49
122295.659894 50
122295.662276 49
122295.662293 50
122295.664695 49
122295.664704 50
122295.667208 49
122295.667236 50
122295.669580 49
122295.669596 50
122295.671959 49
122295.671970 50
122295.674397 49
122295.674408 50
122295.676829 49
122295.676840 50
122295.679282 49
122295.679299 50
122295.681707 49
122295.681718 50
122295.684165 49
122295.684180 50
122295.686566 49
122295.686577 50
122295.689042 49
122295.689060 50
122295.691320 49
122295.691332 50
122295.693817 49
122295.693828 50
122295.696216 49
122295.696227 50
122295.698714 49
122295.698725 50
122295.701106 49
122295.701118 50
122295.703539 49
122295.703550 50
122295.705921 49
122295.705933 50
122295.708586 49
122295.708610 50
122295.711004 49
122295.711017 50
122295.713432 49
122295.713454 50
122295.715859 49
122295.715892 50
122295.718351 49
122295.718382 50
122295.720736 49
122295.720774 50
122295.723155 49
122295.723169 50
122295.725558 49
122295.725590 50
122295.728034 49
122295.728065 50
122295.730467 49
122295.730481 50
122295.732871 49
122295.732896 50
122295.735281 49
122295.735314 50
122295.737695 49
122295.737726 50
122295.740136 49
122295.740158 50
122295.742510 49
122295.742518 49
122295.742548 50
122295.742566 51
122295.744913 50
122295.744935 51
122295.747389 50
122295.747421 51
122295.749803 50
122295.749818 51
122295.752197 50
122295.752211 51
122295.754652 50
122295.754687 51
122295.757072 50
122295.757086 51
122295.759520 50
122295.759540 51
122295.761917 50
122295.761931 51
122295.764359 50
122295.764373 51
122295.766783 50
122295.766818 51
122295.769181 50
122295.769195 51
122295.771577 50
122295.771592 51
122295.774023 50
122295.774038 51
122295.776462 50
122295.776476 51
122295.778878 50
122295.778893 51
122295.781327 50
122295.781349 51
122295.783746 50
122295.783761 51
122295.786156 50
122295.786171 51
122295.788603 50
122295.788644 51
122295.791017 50
122295.791036 51
122295.793380 50
122295.793396 51
122295.795857 50
122295.795875 51
122295.798326 50
122295.798393 51
122295.800720 50
122295.800784 51
122295.803114 50
122295.803132 51
122295.805552 50
122295.805582 51
122295.807995 50
122295.808012 51
122295.810465 50
122295.810512 51
122295.812795 50
122295.812812 51
122295.815201 50
122295.815215 51
122295.817665 50
122295.817681 51
122295.820171 50
122295.820188 51
122295.822567 50
122295.822583 51
122295.825028 50
122295.825045 51
122295.827442 50
122295.827459 51
122295.829864 50
122295.829898 51
122295.832233 50
122295.832264 51
122295.834651 50
122295.834707 51
122295.837109 50
122295.837131 51
122295.839463 50
122295.839514 51
122295.841926 50
122295.841959 51
122295.844363 50
122295.844392 51
122295.846837 50
122295.846862 51
122295.849231 50
122295.849268 51
122295.851671 50
122295.851713 51
122295.854089 50
122295.854111 51
122295.856470 50
122295.856498 51
122295.858889 50
122295.858903 51
122295.861287 50
122295.861318 51
122295.863741 50
122295.863772 51
122295.866131 50
122295.866179 51
122295.868620 50
122295.868636 51
122295.871020 50
122295.871029 50
122295.871073 51
122295.871095 52
122295.873442 51
122295.873481 52
122295.875907 51
122295.875924 52
122295.878341 51
122295.878369 52
122295.880791 51
122295.880808 52
122295.883305 51
122295.883346 52
122295.885648 51
122295.885664 52
122295.888148 51
122295.888165 52
122295.890587 51
122295.890605 52
122295.893029 51
122295.893073 52
122295.895354 51
122295.895398 52
122295.897786 51
122295.897827 52
122295.900281 51
122295.900300 52
122295.902702 51
122295.902741 52
122295.905101 51
122295.905119 52
122295.907539 51
122295.907557 52
122295.909961 51
122295.909979 52
122295.912385 51
122295.912403 52
122295.914773 51
122295.914792 52
122295.917249 51
122295.917267 52
122295.919593 51
122295.919630 52
122295.922089 51
122295.922130 52
122295.924470 51
122295.924487 52
122295.926967 51
122295.927006 52
122295.929363 51
122295.929394 52
122295.931778 51
122295.931802 52
122295.934234 51
122295.934316 52
122295.936617 51
122295.936641 52
122295.939080 51
122295.939126 52
122295.941423 51
122295.941474 52
122295.943949 51
122295.943994 52
122295.946260 51
122295.946296 52
122295.948821 51
122295.948870 52
122295.951226 51
122295.951244 52
122295.953640 51
122295.953691 52
122295.955979 51
122295.956007 52
122295.958503 51
122295.958541 52
122295.960830 51
122295.960847 52
122295.963318 51
122295.963338 52
122295.965697 51
122295.965735 52
122295.968192 51
122295.968234 52
122295.970604 51
122295.970622 52
122295.972998 51
122295.973018 52
122295.975420 51
122296.002082 30
