122280.665177 0
122280.665214 0
122280.870136 0
122280.870173 1
122280.870201 2
122280.870227 3
122280.870244 4
122280.870259 5
122280.870273 6
122280.870288 7
122280.870303 8
122280.870317 9
122280.970779 9
122280.970787 9
122280.970807 10
122280.971947 10
122280.971955 10
122280.971975 11
122280.973123 11
122280.973130 11
122280.973150 12
122280.974381 12
122280.974388 12
122280.974407 13
122280.975528 13
122280.975536 13
122280.975557 14
122280.976787 14
122280.976795 14
122280.976815 15
122280.977976 15
122280.977983 15
122280.978000 16
122280.979257 16
122280.979264 16
122280.979282 17
122280.980430 17
122280.980437 17
122280.980460 18
122280.984057 18
122280.984065 18
122280.984086 19
122281.084561 19
122281.084570 19
122281.084601 20
122281.085875 20
122281.085882 20
122281.085907 21
122281.087041 21
122281.087049 21
122281.087070 22
122281.088225 22
122281.088233 22
122281.088251 23
122281.089458 23
122281.089467 23
122281.089486 24
122281.090697 24
122281.090704 24
122281.090715 25
122281.091824 25
122281.091831 25
122281.091849 26
122281.093138 26
122281.093145 26
122281.093165 27
122281.094262 27
122281.094269 27
122281.094289 28
122281.095507 28
122281.095516 28
122281.095540 29
122281.096679 29
122281.096687 29
122281.096708 30
122281.097999 30
122281.098009 30
122281.098024 31
122281.099138 31
122281.099199 31
122281.099345 32
122281.100342 32
122281.100350 32
122281.100371 33
122281.101536 33
122281.101544 33
122281.101564 34
122281.102797 34
122281.102805 34
122281.102827 35
122281.103942 35
122281.103950 35
122281.103964 36
122281.105289 36
122281.105297 36
122281.105311 37
122281.108862 37
122281.108887 37
122281.108902 38
122281.110026 38
122281.110033 38
122281.110054 39
122281.211805 39
122281.211813 39
122281.211826 40
122281.212959 40
122281.212965 40
122281.212977 41
122281.214236 41
122281.214245 41
122281.214270 42
122281.215352 42
122281.215359 42
122281.215375 43
122281.216653 43
122281.216660 43
122281.216684 44
122281.217870 44
122281.217901 44
122281.217914 45
122281.219129 45
122281.219136 45
122281.219148 46
122281.220299 46
122281.220310 46
122281.220352 47
122281.221543 47
122281.221553 47
122281.221596 48
122281.222727 48
122281.222737 48
122281.222858 49
122281.223931 49
122281.223941 49
122281.223978 50
122281.225148 50
122281.225159 50
122281.225205 51
122281.226329 51
122281.226336 51
122281.226373 52
122281.227485 52
122281.227492 52
122281.227513 53
122281.228724 53
122281.228731 53
122281.228743 54
122281.229941 54
122281.229948 54
122281.229969 55
122281.231174 55
122281.231181 55
122281.231218 56
122281.232320 56
122281.232327 56
122281.232347 57
122281.233554 57
122281.233560 57
122281.233580 58
122281.234790 58
122281.234797 58
122281.234809 59
122281.236025 59
122281.236032 59
122281.236053 60
122281.237196 60
122281.237203 60
122281.237223 61
122281.238461 61
122281.238471 61
122281.238496 62
122281.239677 62
122281.240893 61
122281.243242 58
122281.245678 55
122281.250516 52
122281.352228 50
122281.354696 48
122281.357237 45
122281.359574 42
122281.361975 39
122281.364394 36
122281.366785 33
122281.369185 30
122281.370429 29
122281.370439 30
122281.371654 29
122281.371668 30
122281.372861 29
122281.372875 30
122281.374129 29
122281.374143 30
122281.375267 29
122281.375281 30
122281.376500 29
122281.376514 30
122281.377687 29
122281.377700 30
122281.378918 29
122281.378931 30
122281.380147 29
122281.380184 30
122281.381321 30
122281.382566 30
122281.383772 30
122281.387366 30
122281.489176 30
122281.490402 30
122281.491636 30
122281.492783 30
122281.494012 30
122281.495325 30
122281.496452 30
122281.497673 30
122281.498910 30
122281.500187 30
122281.501310 30
122281.502520 30
122281.503736 30
122281.504975 30
122281.506089 30
122281.507339 30
122281.508556 30
122281.509776 30
122281.510934 30
122281.512250 30
122281.513358 30
122281.514602 30
122281.515853 30
122281.517090 30
122281.518272 30
122281.519453 30
122281.520620 30
122281.521872 29
122281.521899 30
122281.523092 30
122281.526700 30
122281.629597 30
122281.630824 30
122281.632172 30
122281.633275 30
122281.634634 30
122281.635751 30
122281.636975 30
122281.638309 30
122281.639377 30
122281.640624 30
122281.641896 30
122281.643012 30
122281.644242 30
122281.645364 30
122281.646615 30
122281.647840 30
122281.648977 30
122281.650197 30
122281.651444 30
122281.652619 30
122281.653864 30
122281.655074 30
122281.656299 30
122281.657514 30
122281.658694 30
122281.659936 30
122281.661140 30
122281.662360 30
122281.663578 30
122281.667202 30
122281.771393 29
122281.773817 27
122281.776326 26
122281.778711 25
122281.781137 24
122281.783532 23
122281.785939 22
122281.788259 21
122281.790726 20
122281.793149 19
122281.795583 18
122281.798015 17
122281.800439 16
122281.804066 14
122281.807651 14
122281.910663 14
122281.911852 14
122281.913125 14
122281.913143 14
122281.913167 15
122281.914372 15
122281.915487 15
122281.916727 15
122281.917903 15
122281.919135 15
122281.920413 15
122281.921539 15
122281.922808 15
122281.924055 15
122281.925241 15
122281.926381 15
122281.930075 15
122282.032950 15
122282.034193 15
122282.035384 15
122282.036566 15
122282.037867 15
122282.037876 15
122282.037901 16
122282.039021 16
122282.040255 16
122282.041419 16
122282.042678 16
122282.043816 16
122282.045131 16
122282.046337 16
122282.047531 16
122282.048743 16
122282.049908 16
122282.054746 16
122282.157665 16
122282.158935 16
122282.160256 16
122282.161353 16
122282.162564 16
122282.163816 16
122282.164995 16
122282.165019 16
122282.165064 17
122282.166316 17
122282.167461 17
122282.168682 17
122282.169838 17
122282.171158 17
122282.172214 17
122282.173472 17
122282.174648 17
122282.175886 17
122282.181928 17
122282.284852 17
122282.286091 17
122282.287255 17
122282.288486 17
122282.289699 17
122282.290946 17
122282.292131 17
122282.293308 17
122282.294544 17
122282.294550 17
122282.294566 18
122282.295763 18
122282.296956 18
122282.298160 18
122282.299383 18
122282.300604 18
122282.301812 18
122282.303114 18
122282.304214 18
122282.310257 18
122282.414467 18
122282.415678 18
122282.416881 18
122282.418093 18
122282.419309 18
122282.420487 18
122282.421726 18
122282.422923 18
122282.424168 18
122282.425393 18
122282.426607 18
122282.426613 18
122282.426631 19
122282.427789 19
122282.429042 19
122282.430190 19
122282.431392 19
122282.432638 19
122282.433807 19
122282.435173 19
122282.441217 19
122282.544144 19
122282.545269 19
122282.546472 19
122282.547661 19
122282.548944 19
122282.550108 19
122282.551325 19
122282.552528 19
122282.553722 19
122282.554941 19
122282.556150 19
122282.557363 19
122282.558577 19
122282.558583 19
122282.558592 20
122282.559804 20
122282.561027 20
122282.562194 20
122282.563431 20
122282.564643 20
122282.565820 20
122282.571960 20
122282.676146 20
122282.677400 20
122282.678634 20
122282.679834 20
122282.680935 20
122282.682176 20
122282.683418 20
122282.684620 20
122282.685812 20
122282.687071 20
122282.688217 20
122282.689447 20
122282.690642 20
122282.691856 20
122282.693076 20
122282.693096 20
122282.693120 21
122282.694404 21
122282.695496 21
122282.696721 21
122282.697937 21
122282.699128 21
122282.705271 21
122284.791150 21
122284.791167 22
122284.793548 21
122284.793561 22
122284.796124 21
122284.796137 22
122284.798386 21
122284.798407 22
122284.800867 21
122284.800891 22
122284.803232 21
122284.803241 21
122284.803265 22
122284.803277 23
122284.805682 22
122284.805703 23
122284.808127 22
122284.808150 23
122284.810559 22
122284.810582 23
122284.815347 22
122284.815369 23
122284.860139 22
122284.860152 23
122284.884363 22
122284.884377 23
122284.886922 22
122284.886936 23
122284.889201 22
122284.889219 23
122284.891725 22
122284.891759 23
122284.894126 22
122284.894147 23
122284.896528 22
122284.896551 23
122284.899051 22
122284.899072 23
122284.901336 22
122284.901347 23
122284.903801 22
122284.903821 23
122284.906185 22
122284.906199 23
122284.911092 22
122284.911117 23
122284.954680 22
122284.954697 23
122284.978811 22
122284.978827 23
122284.981237 22
122284.981253 23
122284.983670 22
122284.983685 23
122284.986109 22
122284.986124 23
122284.988492 22
122284.988507 23
122284.991039 22
122284.991060 23
122284.993355 22
122284.993374 23
122284.995823 22
122284.995830 22
122284.995849 23
122284.995865 24
122284.998200 23
122284.998230 24
122285.000679 23
122285.000698 24
122285.005505 23
122285.005516 24
122285.050325 23
122285.050340 24
122285.074596 23
122285.074619 24
122285.077053 23
122285.077075 24
122285.079366 23
122285.079384 24
122285.081854 23
122285.081863 24
122285.084218 23
122285.084236 24
122285.086653 23
122285.086671 24
122285.089063 23
122285.089091 24
122285.091491 23
122285.091509 24
122285.093920 23
122285.093937 24
122285.096365 23
122285.096409 24
122285.101177 23
122285.101194 24
122285.143117 24
122285.148416 23
122285.148436 24
122285.172661 23
122285.172673 24
122285.175217 23
122285.175245 24
122285.177549 23
122285.177569 24
122285.180103 23
122285.180136 24
122285.182382 23
122285.182395 24
122285.184801 23
122285.184819 24
122285.187206 23
122285.187227 24
122285.189628 23
122285.189652 24
122285.192131 23
122285.192142 23
122285.192164 24
122285.192188 25
122285.194455 24
122285.194479 25
122285.199338 24
122285.199366 25
122285.246557 24
122285.246579 25
122285.270784 24
122285.270807 25
122285.273299 24
122285.273334 25
122285.275650 24
122285.275672 25
122285.278152 24
122285.278180 25
122285.280598 24
122285.280611 25
122285.282948 24
122285.282979 25
122285.285353 24
122285.285379 25
122285.287826 24
122285.287856 25
122285.290266 24
122285.290293 25
122285.292646 24
122285.292669 25
122285.295023 24
122285.295050 25
122285.299929 24
122285.299946 25
122285.345851 24
122285.345872 25
122285.370160 24
122285.370188 25
122285.372529 24
122285.372549 25
122285.374992 24
122285.375028 25
122285.377352 24
122285.377396 25
122285.379843 24
122285.379857 25
122285.382256 24
122285.382269 25
122285.384616 24
122285.384629 25
122285.387059 24
122285.387088 25
122285.389475 24
122285.389486 25
122285.391919 24
122285.391931 25
122285.394308 24
122285.394315 24
122285.394328 25
122285.394339 26
122285.399218 25
122285.399240 26
122285.446406 25
122285.446427 26
122285.470626 25
122285.470658 26
122285.473172 25
122285.473219 26
122285.475481 25
122285.475492 26
122285.477926 25
122285.477948 26
122285.480297 25
122285.480329 26
122285.482722 25
122285.482743 26
122285.485164 25
122285.485184 26
122285.487594 25
122285.487615 26
122285.489978 25
122285.489998 26
122285.492432 25
122285.492455 26
122285.494860 25
122285.494880 26
122285.499731 25
122285.499745 26
122285.540173 26
122285.549312 25
122285.549335 26
122285.573580 25
122285.573594 26
122285.576174 25
122285.576200 26
122285.578432 25
122285.578463 26
122285.580893 25
122285.580915 26
122285.583280 25
122285.583304 26
122285.585685 25
122285.585708 26
122285.588168 25
122285.588191 26
122285.590511 25
122285.590533 26
122285.592920 25
122285.592942 26
122285.595395 25
122285.595418 26
122285.597841 25
122285.597864 26
122285.602714 25
122285.602722 25
122285.602745 26
122285.602755 27
122285.652278 26
122285.652300 27
122285.676543 26
122285.676563 27
122285.679053 26
122285.679071 27
122285.681361 26
122285.681376 27
122285.683820 26
122285.683843 27
122285.686318 26
122285.686352 27
122285.688676 26
122285.688697 27
122285.691097 26
122285.691120 27
122285.693479 26
122285.693498 27
122285.695928 26
122285.695951 27
122285.698349 26
122285.698363 27
122285.700779 26
122285.700801 27
122285.705604 26
122285.705626 27
122285.708087 26
122285.708137 27
122285.756461 26
122285.756481 27
122285.780777 26
122285.780793 27
122285.783199 26
122285.783234 27
122285.785640 26
122285.785654 27
122285.787946 26
122285.787959 27
122285.790351 26
122285.790363 27
122285.792844 26
122285.792861 27
122285.795305 26
122285.795318 27
122285.797621 26
122285.797635 27
122285.800119 26
122285.800133 27
122285.802491 26
122285.802504 27
122285.804962 26
122285.804975 27
122285.809763 26
122285.809777 27
122285.812228 26
122285.812241 27
122285.860576 26
122285.860583 26
122285.860602 27
122285.860628 28
122285.876068 29
