122280.307975 768000
122280.406244 769738
122280.685107 812522
122280.849988 811670
122280.950569 810763
122285.962914 817091
122286.190963 830049
122286.266090 801355
122286.342603 777625
122290.836336 842120
122290.940700 841094
122291.157688 842653
122291.158932 845217
122291.160148 848661
122291.161265 852778
122291.162503 857587
122291.163734 863009
122291.164898 868904
122291.166107 875258
122291.167329 882029
122291.168566 889179
122291.277632 897942
122291.278776 906728
122291.280090 914503
122291.281191 922382
122291.282408 929316
122291.283635 936591
122291.284848 943070
122291.286074 949939
122291.287243 955901
122291.288484 962332
122291.289694 967960
122291.290890 974053
122291.292113 979479
122291.293275 985364
122291.294552 990608
122291.295726 996347
122291.296966 1001412
122291.298186 1007040
122291.299441 1011999
122291.300613 1017473
122291.408409 1021009
122291.409575 1025226
122291.410869 1029119
122291.411998 1033612
122291.413209 1037462
122291.414485 1042069
122291.415652 1046205
122291.416903 1051040
122291.418160 1055373
122291.419317 1060290
122291.420591 1064670
122291.421762 1069640
122291.422973 1074021
122291.424144 1078996
122291.425332 1083347
122291.426524 1088316
122291.427772 1092768
122291.429016 1096667
122291.430223 1100059
122291.431406 1103031
122291.432616 1105598
122291.433862 1107950
122291.435086 1109954
122291.436289 1111735
122291.437517 1113282
122291.438662 1114555
122291.439855 1115613
122291.441085 1116597
122291.547738 1116273
122291.548915 1117134
122291.550195 1118048
122291.551342 1118731
122291.552586 1119399
122291.553762 1119957
122291.555016 1120407
122291.556161 1120803
122291.557336 1121091
122291.558546 1121300
122291.559753 1121500
122291.560975 1121610
122291.562200 1121772
122291.563370 1121905
122291.564610 1122064
122291.565844 1122263
122291.567110 1122531
122291.568295 1122704
122291.569505 1122827
122291.570688 1122474
122291.571961 1121165
122291.573137 1119020
122291.574395 1116143
122291.575566 1112626
122291.632452 1058548
122291.633677 1009230
122291.634890 965077
122291.636167 926443
122291.637259 890638
122291.638555 858309
122291.639745 829021
122291.640966 804394
122291.642192 783845
122291.643410 766865
122291.644616 752007
122291.645796 740007
122291.647051 729507
122291.648213 722319
122291.649410 716030
122291.650635 711527
122291.651864 706587
122291.653085 704264
122291.654317 702231
122291.655494 701453
122291.656738 700772
122291.657917 701176
122291.659185 701998
122291.660309 702569
122291.661546 703109
122291.662766 703551
122291.663970 703979
122291.719668 703158
122291.720925 702476
122291.722141 701883
122291.723293 701211
122291.724551 700802
122291.725777 700374
122291.726965 700017
122291.728159 699657
122291.729355 699307
122291.730639 699071
122291.731797 698818
122291.733076 698699
122291.734157 698419
122291.735434 698270
122291.736595 698130
122291.737833 698018
122291.739038 697914
122291.740236 697797
122291.741449 697659
122291.742698 697610
122291.743904 697536
122291.745088 697484
122291.746314 697373
122291.747552 697202
122291.748806 698457
122291.750022 699574
122291.751199 700519
122291.752379 701334
122291.809285 703239
122291.810569 704944
122291.811722 706379
122291.813073 707820
122291.814128 708869
122291.815368 709814
122291.816546 710609
122291.817897 711474
122291.819022 712166
122291.820249 712703
122291.821474 713256
122291.822700 713670
122291.823874 714150
122291.825093 714507
122291.826261 714829
122291.827512 715122
122291.828660 715328
122291.829904 715553
122291.831164 715796
122291.832338 715926
122291.833502 716001
122291.834752 716113
122291.835965 716203
122291.837177 716260
122291.838362 716235
122291.839599 717422
122291.840800 718492
122291.842018 719454
122291.843200 720319
122291.901348 722302
122291.902592 724007
122291.903902 725644
122291.904997 726785
122291.906193 727976
122291.907378 728963
122291.908702 729959
122291.909828 730617
122291.911164 731369
122291.912287 731962
122291.913529 732484
122291.914714 732871
122291.915876 733224
122291.917113 733564
122291.918320 733902
122291.919545 734172
122291.920773 734489
122291.922002 734733
122291.923159 734847
122291.924382 735013
122291.925589 735200
122291.926793 735314
122291.928088 735482
122291.929244 735565
122291.930508 735738
122291.931699 735843
122291.932932 735963
122291.934167 737285
122291.935280 738337
122291.936546 739364
122291.993426 738976
122291.994624 738594
122291.995861 738196
122291.997110 737980
122291.998313 737813
122291.999482 737647
122292.000760 737452
122292.001893 737310
122292.003150 737103
122292.004350 736987
122292.005508 736794
122292.006777 736731
122292.008018 736752
122292.009175 736662
122292.010430 736645
122292.011573 736564
122292.012835 736510
122292.014054 736455
122292.015180 736382
122292.016409 736320
122292.017662 736328
122292.018868 736339
122292.020124 736259
122292.021254 736197
122292.022518 736139
122292.023720 736097
122292.024926 736029
122292.026136 735931
122292.027314 735813
122292.028545 736907
122292.029768 737972
122292.087907 740156
122292.089164 742134
122292.090331 743809
122292.091597 745268
122292.092773 746521
122292.094001 747680
122292.095256 748685
122292.096333 749516
122292.097609 750257
122292.098871 750970
122292.100051 751617
122292.101260 752120
122292.102485 752527
122292.103709 752924
122292.104893 753244
122292.106166 753651
122292.107246 753824
122292.108502 754020
122292.109703 754265
122292.110947 754494
122292.112129 754619
122292.113322 754712
122292.114575 754800
122292.115758 754923
122292.116999 755006
122292.118220 755092
122292.119368 755115
122292.120605 755170
122292.121818 755247
122292.123046 755313
122292.124221 755316
122292.125426 756485
122292.184810 758794
122292.186121 760862
122292.187181 762575
122292.188416 764038
122292.189610 765338
122292.190938 766570
122292.192108 767563
122292.193279 768534
122292.194513 769343
122292.195772 770038
122292.196954 770648
122292.198176 771194
122292.199293 771565
122292.200630 772001
122292.201790 772359
122292.203044 772656
122292.204143 772939
122292.205359 773148
122292.206576 773349
122292.207815 773518
122292.209049 773724
122292.210192 773850
122292.211406 773920
122292.212658 774050
122292.213868 774130
122292.215101 774212
122292.216265 774302
122292.217465 774343
122292.218725 774426
122292.219962 774516
122292.221140 774596
122292.222385 774697
122292.282969 775984
122292.284132 778236
122292.285336 780141
122292.286513 781926
122292.287745 783488
122292.288934 784850
122292.290202 785973
122292.291383 786971
122292.292602 787852
122292.293810 788620
122292.295062 789288
122292.296248 789876
122292.297467 790404
122292.298629 790892
122292.299907 791258
122292.301063 791578
122292.302294 791832
122292.303511 792154
122292.304697 792445
122292.305936 792720
122292.307127 792918
122292.308313 793039
122292.309554 793230
122292.310754 793400
122292.311950 793487
122292.313163 793570
122292.314380 793620
122292.315594 793715
122292.316802 793809
122292.318029 793858
122292.319233 793866
122292.320424 793862
122292.321629 793849
122292.381057 792646
122292.382260 791635
122292.383454 790733
122292.384622 791038
122292.385828 791418
122292.387157 791874
122292.388327 792254
122292.389527 792491
122292.390735 792740
122292.391864 792869
122292.393151 793057
122292.394418 793237
122292.395585 793378
122292.396760 793458
122292.397998 793605
122292.399264 793717
122292.400383 793769
122292.401600 793779
122292.402874 793889
122292.404052 793977
122292.405210 793974
122292.406430 793981
122292.407699 794090
122292.408883 794128
122292.410099 794177
122292.411306 794233
122292.412512 794278
122292.413727 794301
122292.414923 794316
122292.416115 794310
122292.417331 794277
122292.418627 794356
122292.419760 794372
122292.422237 795659
122292.482747 797860
122292.484050 799891
122292.485118 801539
122292.486371 803068
122292.487622 804447
122292.488863 806860
122292.490049 808847
122292.491355 810708
122292.492463 812261
122292.493735 813685
122292.494900 814969
122292.496168 816069
122292.497251 816849
122292.498527 817638
122292.499737 818365
122292.501034 819056
122292.502197 819557
122292.503388 820073
122292.504587 820514
122292.505773 820815
122292.506980 821110
122292.508167 821401
122292.509361 821630
122292.510581 821783
122292.511791 821938
122292.513021 822089
122292.514225 822215
122292.515419 822316
122292.516642 822412
122292.517859 822518
122292.519066 822617
122292.520263 822692
122292.521474 822677
122292.522685 822737
122292.523901 821533
122292.585677 821741
122292.586910 821856
122292.588138 822119
122292.589303 822257
122292.590540 822362
122292.591772 822440
122292.593144 822685
122292.594281 823989
122292.595511 825108
122292.596669 826145
122292.597832 826934
122292.599075 827705
122292.600326 828363
122292.601503 829038
122292.602669 829514
122292.603960 830012
122292.605152 830326
122292.606322 830607
122292.607530 830885
122292.608754 831153
122292.609918 831378
122292.611132 831563
122292.612323 831750
122292.613533 831929
122292.614763 832092
122292.615963 832230
122292.617207 832340
122292.618395 832424
122292.619601 832529
122292.620813 832609
122292.622034 832682
122292.623233 832738
122292.624448 832804
122292.625682 832887
122292.626891 832958
122292.628090 833005
122292.691141 834312
122292.692260 835348
122292.693483 836245
122292.694765 837150
122292.695968 837910
122292.697162 838529
122292.698357 838896
122292.699579 839285
122292.700851 839671
122292.702009 841149
122292.703249 842548
122292.704498 843869
122292.705663 844938
122292.706975 845934
122292.708128 846783
122292.709377 847609
122292.710464 848129
122292.711727 848650
122292.712926 849136
122292.714152 849577
122292.715328 849917
122292.716547 850280
122292.717750 850587
122292.718952 850869
122292.720154 851107
122292.721336 851266
122292.722572 851441
122292.723759 851537
122292.724960 851631
122292.726175 851720
122292.727384 851801
122292.728590 851842
122292.729810 851914
122292.731063 852014
122292.732258 852061
122292.733475 852113
122292.734657 852141
122293.825959 975485
122293.828379 974567
122293.830821 973795
122293.833269 973066
122293.835628 972378
122293.838113 971853
122293.840552 971379
122293.842936 970944
122293.845508 970699
122293.847870 970473
122293.850308 970244
122293.852711 970030
122293.855155 969853
122293.857504 969678
122293.859919 969489
122293.862355 969297
122293.864761 969081
122293.867157 967785
122293.869633 966709
122293.872043 965806
122293.874466 965043
122293.876880 964249
122293.947105 964836
122293.949477 965297
122293.951921 965707
122293.954324 966019
122293.956809 966417
122293.959226 966700
122293.961598 966880
122293.964106 967158
122293.966478 967203
122293.968879 967284
122293.971250 967284
122293.973694 967327
122293.976106 967331
122293.978541 967419
122293.980961 967510
122293.983471 967659
122293.985885 967793
122293.988317 967954
122293.990750 968052
122293.993089 968060
122293.995556 968114
122293.997986 968175
122294.069412 969436
122294.071799 970556
122294.074279 971574
122294.076693 972477
122294.079143 973229
122294.081522 973843
122294.083954 974442
122294.086384 974879
122294.088793 975299
122294.091320 975792
122294.093738 976282
122294.096170 976699
122294.098588 977037
122294.101011 977349
122294.103397 977589
122294.105764 977657
122294.108242 977778
122294.110674 977888
122294.113112 977988
122294.115523 978116
122294.117974 980623
122294.120373 982811
122294.161268 1023134
122294.191813 1017615
122294.194186 1012753
122294.196658 1008492
122294.199118 1004812
122294.201477 1001498
122294.203951 998695
122294.206429 996293
122294.208781 994108
122294.211159 992166
122294.213615 990397
122294.216077 988879
122294.218447 987501
122294.220926 986357
122294.223371 985380
122294.225738 984516
122294.228169 983825
122294.231733 984288
122294.234119 984629
122294.236549 984938
122294.238979 985233
122294.241398 985460
122294.243820 985676
122294.315268 1016437
122294.317780 1015288
122294.320106 1014221
122294.322564 1013273
122294.325010 1012391
122294.327424 1011690
122294.329844 1011051
122294.332216 1010367
122294.334667 1009866
122294.337196 1009621
122294.339611 1009350
122294.341989 1009027
122294.344478 1008844
122294.346902 1008646
122294.349320 1008425
122294.351720 1008296
122294.354096 1008118
122294.356531 1006846
122294.358948 1005767
122294.361376 1004810
122294.363786 1003916
122294.366220 1003163
122294.368650 1002569
122294.441209 1003160
122294.443693 1003643
122294.446248 1004301
122294.448549 1004705
122294.451024 1005086
122294.453427 1005408
122294.455841 1005685
122294.458300 1006014
122294.460596 1006140
122294.463191 1006326
122294.465523 1006407
122294.468010 1006581
122294.470438 1006668
122294.472850 1006738
122294.475289 1006813
122294.477693 1006901
122294.480135 1007050
122294.482556 1007166
122294.484960 1007254
122294.487383 1007328
122294.489794 1007396
122294.492172 1007398
122294.494671 1007462
122294.568480 1008770
122294.570959 1009914
122294.573277 1010667
122294.575702 1011453
122294.578303 1012263
122294.580686 1012952
122294.583047 1013505
122294.585570 1014043
122294.587897 1014532
122294.590388 1014862
122294.592779 1015215
122294.595207 1015464
122294.597618 1015665
122294.600043 1015858
122294.602477 1016008
122294.605043 1016312
122294.607320 1016400
122294.609738 1016482
122294.612162 1016573
122294.614593 1016660
122294.616998 1016738
122294.619440 1016856
122294.621845 1016866
122294.662196 1057159
122294.695659 1052139
122294.698141 1047756
122294.700478 1043942
122294.702958 1040665
122294.705327 1037557
122294.707766 1034894
122294.710225 1032665
122294.712596 1030579
122294.715071 1028880
122294.717444 1027282
122294.719933 1025976
122294.722373 1024845
122294.724800 1023871
122294.727217 1023009
122294.729623 1022217
122294.731977 1021327
122294.735535 1021813
122294.738056 1022354
122294.740396 1022742
122294.742826 1023082
122294.745247 1023396
122294.747667 1023668
122294.750082 1023896
122294.823989 1057666
122294.826424 1056152
122294.828870 1054776
122294.831282 1053680
122294.833782 1052740
122294.836105 1051860
122294.838525 1051087
122294.840941 1050358
122294.843381 1049797
122294.845871 1049322
122294.848280 1048927
122294.850724 1048548
122294.853144 1048180
122294.855554 1047856
122294.857980 1047581
122294.860461 1047408
122294.862865 1047253
122294.865273 1046030
122294.867697 1044828
122294.870119 1043894
122294.872560 1043028
122294.874977 1042323
122294.877406 1041722
122294.918330 1079664
122294.953599 1074275
122294.956122 1072023
122294.958499 1070045
122294.960882 1068253
122294.963323 1066714
122294.965713 1065257
122294.968205 1064158
122294.970588 1063130
122294.973038 1062271
122294.975369 1061419
122294.977830 1060626
122294.980275 1059939
122294.982729 1059364
122294.985188 1058912
122294.987626 1058542
122294.990022 1058186
122294.992345 1057674
122294.994801 1057329
122294.997250 1057043
122294.999704 1056849
122295.002116 1056685
122295.004537 1056496
122295.006998 1056373
122295.047163 1094005
122295.083164 1122065
122295.085594 1113737
122295.088042 1106353
122295.090445 1099943
122295.092867 1094379
122295.095261 1089467
122295.097720 1085238
122295.100203 1081529
122295.102613 1078309
122295.105060 1075493
122295.107474 1073029
122295.109875 1070892
122295.112277 1068977
122295.114710 1067248
122295.117216 1065778
122295.119599 1064474
122295.122051 1063357
122295.124470 1062495
122295.126909 1061724
122295.129335 1061033
122295.131733 1060371
122295.134164 1059814
122295.136577 1059329
122295.177116 1096965
122295.214079 1126703
122295.216418 1119069
122295.218874 1112405
122295.221248 1106535
122295.223798 1101544
122295.226284 1097241
122295.228606 1093406
122295.230998 1089981
122295.233429 1086885
122295.235868 1084243
122295.238268 1081875
122295.240666 1079788
122295.243185 1078072
122295.245609 1076604
122295.248024 1075298
122295.250475 1074094
122295.252803 1072986
122295.255254 1072006
122295.257650 1071142
122295.260030 1070326
122295.262520 1069671
122295.264946 1069120
122295.267298 1068552
122295.269779 1068137
122295.344806 1102286
122295.347262 1097582
122295.349717 1093629
122295.352085 1090068
122295.354509 1087025
122295.356926 1084207
122295.359355 1081708
122295.361776 1079597
122295.364228 1077802
122295.366754 1076320
122295.369136 1074946
122295.371553 1073798
122295.373969 1072799
122295.376397 1071833
122295.378841 1071017
122295.381225 1070255
122295.384830 1070736
122295.387143 1071182
122295.389580 1071557
122295.392048 1071951
122295.394450 1072323
122295.396878 1072589
122295.399297 1072782
122295.401708 1073053
122295.442138 1111224
122295.479291 1106759
122295.481730 1102848
122295.484160 1099399
122295.486559 1096411
122295.489018 1096213
122295.491395 1096015
122295.493871 1095906
122295.496310 1095808
122295.498750 1095743
122295.501094 1095585
122295.503496 1095313
122295.505911 1095113
122295.508341 1094932
122295.510756 1094775
122295.513174 1094649
122295.515609 1094519
122295.518036 1094443
122295.520448 1093184
122295.522874 1092213
122295.525291 1091345
122295.527712 1090475
122295.530143 1089798
122295.532557 1089200
122295.534978 1088681
122295.576098 1126924
122295.606518 1150385
122295.608978 1136235
122295.612504 1124941
122295.613784 1113899
122295.616207 1104273
122295.618633 1095815
122295.621067 1088464
122295.623476 1081973
122295.625896 1076267
122295.628320 1071257
122295.630741 1066945
122295.633165 1063212
122295.635586 1059950
122295.638022 1057096
122295.640440 1054608
122295.642848 1052403
122295.645278 1050486
122295.647703 1048781
122295.650114 1047299
122295.652543 1046025
122295.654991 1044925
122295.657400 1043965
122295.659848 1043123
122295.662254 1042392
122295.664678 1041749
122295.667175 972171
122295.669550 911205
122295.671941 856726
122295.674372 810208
122295.676799 769505
122295.679236 736307
122295.681676 707285
122295.684118 681898
122295.686516 659675
122295.688980 640272
122295.691298 623183
122295.693797 608316
122295.696194 595276
122295.698683 583929
122295.701073 573962
122295.703516 565265
122295.705891 557625
122295.708536 551148
122295.710974 545499
122295.713373 540518
122295.715827 536211
122295.718287 532444
122295.720686 529133
122295.723123 526223
122295.725527 523681
122295.728001 521518
122295.730433 519528
122295.732814 517808
122295.735250 516363
122295.737660 515071
122295.740075 513923
122295.742472 512859
122295.744889 511923
122295.747331 511087
122295.749775 510399
122295.752170 509713
122295.754621 509290
122295.757037 508839
122295.759461 508471
122295.761883 508072
122295.764325 507771
122295.766749 507500
122295.769147 507278
122295.771543 506804
122295.773988 506426
122295.776428 506106
122295.778843 505815
122295.781271 505488
122295.783694 505247
122295.786122 505047
122295.788559 504905
122295.790973 504717
122295.793339 504487
122295.795820 504363
122295.798259 504276
122295.800672 504207
122295.803065 504093
122295.805504 504054
122295.807947 504084
122295.810407 504103
122295.812765 504055
122295.815169 504024
122295.817629 504000
122295.820133 504063
122295.822518 504057
122295.824980 504114
122295.827394 504137
122295.829807 504145
122295.832180 504127
122295.834600 504136
122295.837058 504154
122295.839415 504090
122295.841874 504076
122295.844303 504065
122295.846786 504099
122295.849183 504116
122295.851620 504122
122295.854037 504130
122295.856436 504173
122295.858858 504158
122295.861256 504074
122295.863711 504059
122295.866092 504034
122295.868582 504064
122295.870981 504045
122295.873401 503979
122295.875872 504062
122295.878309 504166
122295.880756 504240
122295.883242 504284
122295.885618 504303
122295.888100 504341
122295.890536 504395
122295.892954 504439
122295.895315 504470
122295.897749 504512
122295.900212 504554
122295.902663 504688
122295.905050 504730
122295.907488 504767
122295.909909 504748
122295.912334 504761
122295.914723 504721
122295.917180 504725
122295.919559 504728
122295.922028 504779
122295.924434 504831
122295.926888 504878
122295.929310 504950
122295.931726 504940
122295.934146 504942
122295.936564 507297
122295.939028 509456
122295.941372 511224
122295.943877 512831
122295.946228 514150
122295.948748 515287
122295.951177 516393
122295.953588 517268
122295.955930 517938
122295.958454 518589
122295.960786 519182
122295.963267 519751
122295.965631 520116
122295.968114 520498
122295.970566 520884
122295.972958 521176
122295.975383 521436
122295.977806 521662
122295.980225 521890
122295.982654 522043
122295.985057 522217
122295.987486 522301
122295.989874 522405
122295.992261 522364
122295.994745 522423
122295.997117 522439
122295.999562 522395
122296.002053 522510
122296.004408 522499
122296.006862 522596
122296.009253 522546
