122280.665146 791232
122280.765820 792939
122280.970754 794444
122280.971921 796893
122280.973104 800197
122280.974355 804304
122280.975504 809028
122280.976762 814404
122280.977951 820283
122280.979234 826695
122280.980406 833463
122280.984036 843001
122281.084540 851381
122281.085839 859993
122281.086996 867538
122281.088199 875323
122281.089417 882198
122281.090672 889449
122281.091799 895681
122281.093118 902434
122281.094237 908334
122281.095475 914713
122281.096654 920235
122281.097966 926359
122281.099119 931702
122281.100317 937558
122281.101511 942613
122281.102777 948284
122281.103922 953236
122281.105235 958859
122281.108811 963751
122281.109989 969189
122281.211783 975255
122281.212937 981688
122281.214191 987287
122281.215333 993305
122281.216625 998720
122281.217824 1004635
122281.219101 1009925
122281.220262 1015697
122281.221502 1020771
122281.222690 1026380
122281.223882 1031262
122281.225104 1036744
122281.226294 1041615
122281.227462 1047030
122281.228704 1051714
122281.229916 1057002
122281.231134 1061744
122281.232298 1067037
122281.233531 1071675
122281.234768 1076947
122281.235985 1081630
122281.237176 1086897
122281.238433 1091462
122281.239646 1095487
122281.240862 1099065
122281.242047 1102188
122281.243217 1104828
122281.244459 1107236
122281.245656 1109193
122281.249248 1110916
122281.250492 1112511
122281.351082 1112716
122281.352202 1114004
122281.353475 1115265
122281.354660 1116275
122281.355903 1117284
122281.357207 1118174
122281.358345 1118869
122281.359522 1119398
122281.360739 1119906
122281.361936 1120302
122281.363207 1120737
122281.364354 1121060
122281.365561 1121334
122281.366764 1121597
122281.368051 1121958
122281.369161 1122145
122281.370406 1122335
122281.371624 1122487
122281.372832 1122683
122281.374064 1122852
122281.375236 1122936
122281.376470 1123008
122281.377657 1123088
122281.378889 1123123
122281.380112 1123170
122281.381289 1123774
122281.382537 1122303
122281.383741 1120016
122281.387337 1117014
122281.489083 1114388
122281.490353 1111090
122281.491584 1106204
122281.492754 1100929
122281.493968 1095313
122281.495281 1089399
122281.496408 1083225
122281.497629 1075822
122281.498857 1069345
122281.500118 1065677
122281.501258 1062468
122281.502465 1060660
122281.503683 1059078
122281.504910 1058694
122281.506057 1058358
122281.507273 1059064
122281.508521 1059681
122281.509722 1061221
122281.510901 1062569
122281.512163 1065748
122281.513324 1068530
122281.514569 1071964
122281.515777 1074969
122281.516997 1078598
122281.518229 1081774
122281.519408 1085553
122281.520591 1089131
122281.521836 1092263
122281.523062 1095024
122281.526662 1097444
122281.629568 1100658
122281.630795 1103471
122281.632136 1106040
122281.633215 1108220
122281.634558 1110240
122281.635681 1111817
122281.636909 1113297
122281.638242 1114705
122281.639327 1115787
122281.640576 1116725
122281.641846 1117673
122281.642962 1118410
122281.644188 1119064
122281.645332 1119549
122281.646584 1120104
122281.647805 1120561
122281.648946 1120885
122281.650168 1121170
122281.651413 1121506
122281.652589 1121671
122281.653834 1121941
122281.655038 1122135
122281.656264 1122303
122281.657479 1122431
122281.658659 1122528
122281.659903 1122666
122281.661106 1122822
122281.662331 1123470
122281.663550 1123496
122281.667174 1123535
122281.771353 1123624
122281.772552 1123554
122281.773770 1123607
122281.774958 1123492
122281.776257 1123565
122281.777406 1123565
122281.778643 1123455
122281.779804 1123453
122281.781072 1123472
122281.782401 1123545
122281.783469 1123562
122281.784693 1123571
122281.785909 1123673
122281.787163 1123765
122281.788228 1123686
122281.789472 1123723
122281.790697 1123759
122281.791893 1123742
122281.793122 1123781
122281.794349 1123796
122281.795555 1123811
122281.796726 1123765
122281.797968 1123752
122281.799172 1123764
122281.800390 1123749
122281.801603 1123746
122281.802788 1123708
122281.804039 1123709
122281.807623 1123670
122281.910632 1122212
122281.911824 1119936
122281.913088 1116709
122281.914341 1112776
122281.915460 1108005
122281.916699 1102696
122281.917876 1096799
122281.919086 1090529
122281.920382 1083872
122281.921513 1076754
122281.922777 1069357
122281.924025 1061714
122281.925215 1053785
122281.926355 1044353
122281.930041 1036201
122282.032923 1028938
122282.034169 1022640
122282.035351 1017023
122282.036540 1013271
122282.037840 1010083
122282.038978 1007316
122282.040200 1004878
122282.041381 1002749
122282.042620 1000897
122282.043793 999169
122282.045106 997844
122282.046296 996605
122282.047474 995451
122282.048684 994465
122282.049880 993658
122282.054721 994100
122282.157642 994534
122282.158915 994943
122282.160181 995375
122282.161289 995679
122282.162527 995874
122282.163787 997278
122282.164967 998585
122282.166259 999781
122282.167400 1000792
122282.168641 1001675
122282.169814 1002465
122282.171094 1003120
122282.172186 1003582
122282.173420 1004042
122282.174622 1004435
122282.175861 1004837
122282.181903 1006393
122282.284830 1007762
122282.286069 1008927
122282.287233 1009794
122282.288464 1010684
122282.289677 1011464
122282.290925 1012145
122282.292086 1012713
122282.293289 1014373
122282.294527 1015801
122282.295744 1017133
122282.296936 1018249
122282.298138 1019270
122282.299362 1020078
122282.300583 1020940
122282.301790 1021644
122282.303055 1022345
122282.304193 1022862
122282.310240 1023319
122282.414445 1025000
122282.415650 1026435
122282.416858 1027736
122282.418074 1028859
122282.419291 1029846
122282.420468 1030640
122282.421707 1031388
122282.422899 1032057
122282.424146 1032647
122282.425369 1034372
122282.426589 1035904
122282.427766 1037226
122282.429017 1038431
122282.430167 1039414
122282.431372 1040258
122282.432615 1041031
122282.433785 1041575
122282.435152 1042318
122282.441195 1042968
122282.544098 1042230
122282.545249 1041518
122282.546453 1040903
122282.547643 1040342
122282.548915 1039906
122282.550068 1039500
122282.551297 1039134
122282.552508 1038831
122282.553702 1038514
122282.554920 1038230
122282.556130 1037971
122282.557342 1038937
122282.558559 1039842
122282.559783 1040607
122282.560990 1041334
122282.562173 1041951
122282.563410 1042482
122282.564622 1042989
122282.565803 1043248
122282.571930 1043556
122282.676076 1045070
122282.677343 1046510
122282.678605 1047830
122282.679782 1048972
122282.680904 1049814
122282.682145 1050626
122282.683391 1051367
122282.684593 1052012
122282.685785 1052576
122282.687040 1053104
122282.688185 1053501
122282.689414 1053866
122282.690615 1054166
122282.691825 1055630
122282.693028 1056901
122282.694375 1058138
122282.695464 1059141
122282.696689 1060008
122282.697905 1060770
122282.699102 1061456
122282.705214 1062030
122284.791124 771674
122284.793523 768489
122284.796098 765803
122284.798361 763271
122284.800833 761140
122284.803205 759203
122284.805649 757510
122284.808094 756047
122284.810519 754808
122284.815315 753670
122284.860111 756481
122284.884337 779279
122284.886894 777598
122284.889173 776013
122284.891687 774562
122284.894099 773436
122284.896498 772366
122284.899028 771586
122284.901309 770769
122284.903767 770065
122284.906156 769407
122284.911059 768946
122284.954656 767347
122284.978789 765857
122284.981212 764417
122284.983647 763313
122284.986067 762246
122284.988471 761312
122284.991013 760624
122284.993328 759825
122284.995798 759311
122284.998179 758780
122285.000651 758403
122285.005483 757997
122285.050302 758873
122285.074564 759769
122285.077022 760585
122285.079343 761186
122285.081834 761767
122285.084194 762252
122285.086630 762564
122285.089030 762920
122285.091470 763197
122285.093899 765834
122285.096336 768213
122285.101158 772649
122285.143098 813651
122285.148393 810014
122285.172638 806808
122285.175157 804061
122285.177528 801717
122285.180024 799673
122285.182360 797857
122285.184777 796250
122285.187184 794852
122285.189599 793603
122285.192070 792553
122285.194407 791529
122285.199288 790699
122285.246532 795278
122285.270731 818165
122285.273260 816483
122285.275612 814794
122285.278103 813480
122285.280560 812220
122285.282909 811208
122285.285303 810292
122285.287768 809548
122285.290188 808894
122285.292590 808210
122285.294982 807719
122285.299902 807331
122285.345828 805689
122285.370120 804322
122285.372505 802990
122285.374956 801925
122285.377313 800854
122285.379812 799963
122285.382197 799218
122285.384587 798557
122285.387018 797932
122285.389449 797387
122285.391892 796966
122285.394287 796612
122285.399189 796298
122285.446375 797287
122285.470592 798074
122285.473113 798899
122285.475452 799500
122285.477900 800113
122285.480262 800519
122285.482696 800899
122285.485106 801279
122285.487567 801644
122285.489953 801920
122285.492402 802165
122285.494837 802418
122285.499700 807478
122285.540124 847429
122285.549284 844381
122285.573546 841756
122285.576106 839496
122285.578397 837476
122285.580862 835731
122285.583238 834208
122285.585659 832872
122285.588140 831743
122285.590484 830668
122285.592892 829752
122285.595368 828971
122285.597814 828306
122285.602689 827728
122285.652245 836337
122285.676509 858971
122285.679005 857008
122285.681327 855012
122285.683790 853466
122285.686283 852153
122285.688642 850975
122285.691068 849966
122285.693446 848978
122285.695895 848221
122285.698317 847572
122285.700752 846962
122285.705576 848806
122285.708054 848018
122285.756427 846168
122285.780743 844600
122285.783138 843112
122285.785586 841950
122285.787917 840806
122285.790323 839714
122285.792810 838886
122285.795276 838208
122285.797591 837546
122285.800062 836990
122285.802464 836486
122285.804933 836083
122285.809736 835708
122285.812201 835361
122285.860557 835041
