122280.308034 2147483647
122280.308507 2147483647
122280.446062 2147483647
122280.545825 2147483647
122280.546108 2147483647
122280.749279 2147483647
122280.850013 2147483647
122285.855242 2147483647
122286.003069 2147483647
122286.075746 2147483647
122286.075872 2147483647
122286.191029 2147483647
122286.266168 2147483647
122286.266226 2147483647
122290.836416 2147483647
122290.836464 2147483647
122291.050996 2147483647
122291.051038 2147483647
122291.051053 2147483647
122291.051076 2147483647
122291.051101 2147483647
122291.051113 2147483647
122291.051126 2147483647
122291.051139 2147483647
122291.051150 2147483647
122291.051162 2147483647
122291.157713 2147483647
122291.157722 2147483647
122291.157749 2147483647
122291.158964 2147483647
122291.158974 2147483647
122291.159001 2147483647
122291.160170 2147483647
122291.160179 2147483647
122291.160196 2147483647
122291.161288 2147483647
122291.161297 2147483647
122291.161322 2147483647
122291.162532 2147483647
122291.162541 2147483647
122291.162566 2147483647
122291.163766 2147483647
122291.163776 2147483647
122291.163803 2147483647
122291.164923 2147483647
122291.164932 2147483647
122291.164958 2147483647
122291.166129 2147483647
122291.166138 2147483647
122291.166163 2147483647
122291.167351 2147483647
122291.167359 2147483647
122291.167384 2147483647
122291.168595 2147483647
122291.168604 2147483647
122291.168642 2147483647
122291.277676 2147483647
122291.277699 2147483647
122291.277733 2147483647
122291.278814 2147483647
122291.278832 2147483647
122291.278868 2147483647
122291.280149 2147483647
122291.280164 2147483647
122291.280208 2147483647
122291.281250 2147483647
122291.281259 2147483647
122291.281305 2147483647
122291.282438 2147483647
122291.282447 2147483647
122291.282478 2147483647
122291.283666 2147483647
122291.283675 2147483647
122291.283709 2147483647
122291.284879 2147483647
122291.284888 2147483647
122291.284917 2147483647
122291.286097 2147483647
122291.286106 2147483647
122291.286139 2147483647
122291.287273 2147483647
122291.287282 2147483647
122291.287315 2147483647
122291.288512 2147483647
122291.288521 2147483647
122291.288552 2147483647
122291.289724 2147483647
122291.289733 2147483647
122291.289766 2147483647
122291.290919 2147483647
122291.290927 2147483647
122291.290958 2147483647
122291.292134 2147483647
122291.292185 2147483647
122291.292328 2147483647
122291.293303 2147483647
122291.293311 2147483647
122291.293344 2147483647
122291.294580 2147483647
122291.294589 2147483647
122291.294622 2147483647
122291.295755 2147483647
122291.295764 2147483647
122291.295792 2147483647
122291.296995 2147483647
122291.297004 2147483647
122291.297036 2147483647
122291.298220 2147483647
122291.298228 2147483647
122291.298261 2147483647
122291.299469 2147483647
122291.299477 2147483647
122291.299509 2147483647
122291.300642 2147483647
122291.300650 2147483647
122291.300682 2147483647
122291.408477 2147483647
122291.408487 2147483647
122291.408527 2147483647
122291.409629 2147483647
122291.409650 2147483647
122291.409691 2147483647
122291.410892 2147483647
122291.410902 2147483647
122291.410933 2147483647
122291.412061 2147483647
122291.412077 2147483647
122291.412100 2147483647
122291.413269 2147483647
122291.413279 2147483647
122291.413303 2147483647
122291.414554 2147483647
122291.414572 2147483647
122291.414622 2147483647
122291.415707 2147483647
122291.415716 2147483647
122291.415758 2147483647
122291.416938 2147483647
122291.416956 2147483647
122291.417009 2147483647
122291.418190 2147483647
122291.418203 2147483647
122291.418269 2147483647
122291.419374 2147483647
122291.419391 2147483647
122291.419541 2147483647
122291.420650 2147483647
122291.420679 2147483647
122291.420730 2147483647
122291.421828 2147483647
122291.421861 2147483647
122291.421905 2147483647
122291.423006 2147483647
122291.423015 2147483647
122291.423055 2147483647
122291.424195 2147483647
122291.424212 2147483647
122291.424240 2147483647
122291.425376 2147483647
122291.425387 2147483647
122291.425413 2147483647
122291.426550 2147483647
122291.426559 2147483647
122291.426586 2147483647
122291.427796 2147483647
122291.427805 2147483647
122291.427831 2147483647
122291.429043 2147483647
122291.430284 28
122291.432642 28
122291.435155 28
122291.437565 28
122291.439899 28
122291.547799 28
122291.550258 28
122291.552622 28
122291.555059 28
122291.557365 28
122291.559780 28
122291.561026 28
122291.561053 28
122291.562244 28
122291.562271 28
122291.563396 28
122291.563421 28
122291.564641 28
122291.564666 28
122291.565884 28
122291.565912 28
122291.567139 28
122291.567176 28
122291.568355 28
122291.568389 28
122291.569533 28
122291.569559 28
122291.570716 28
122291.571989 28
122291.573188 28
122291.574436 28
122291.575599 28
122291.632492 28
122291.633715 28
122291.634925 28
122291.636231 28
122291.637307 28
122291.638605 28
122291.639776 28
122291.641017 28
122291.642250 28
122291.643463 28
122291.644666 28
122291.645842 28
122291.647100 28
122291.648285 28
122291.649452 28
122291.650679 28
122291.651889 28
122291.653115 28
122291.654375 28
122291.655558 28
122291.656785 28
122291.657948 28
122291.659241 28
122291.660368 28
122291.660408 28
122291.661598 28
122291.662809 28
122291.664024 28
122291.719715 28
122291.720961 28
122291.722181 28
122291.723347 28
122291.724604 28
122291.725817 28
122291.727028 28
122291.728208 28
122291.729396 28
122291.730694 28
122291.731836 28
122291.733129 28
122291.734186 28
122291.735469 28
122291.736627 28
122291.737867 28
122291.739065 28
122291.740264 28
122291.741476 28
122291.742735 28
122291.743938 28
122291.745143 28
122291.746377 28
122291.747595 28
122291.748847 28
122291.748857 28
122291.748884 28
122291.750054 28
122291.751260 28
122291.752405 28
122291.809326 28
122291.810601 28
122291.811765 28
122291.813154 28
122291.814155 28
122291.815395 28
122291.816587 28
122291.817928 28
122291.819086 28
122291.820274 28
122291.821512 28
122291.822768 28
122291.823917 28
122291.825120 28
122291.826288 28
122291.827539 28
122291.828686 28
122291.829949 28
122291.831219 28
122291.832363 28
122291.833528 28
122291.834782 28
122291.836006 28
122291.837237 28
122291.838390 28
122291.839627 28
122291.840824 28
122291.840833 28
122291.840849 28
122291.842081 28
122291.843228 28
122291.901394 28
122291.902635 28
122291.903938 28
122291.905052 28
122291.906234 28
122291.907434 28
122291.908750 28
122291.909854 28
122291.911195 28
122291.912345 28
122291.913580 28
122291.914741 28
122291.915906 28
122291.917171 28
122291.918365 28
122291.919574 28
122291.920819 28
122291.922046 28
122291.923197 28
122291.924426 28
122291.925615 28
122291.926817 28
122291.928175 28
122291.929299 28
122291.930555 28
122291.931746 28
122291.932984 28
122291.934243 28
122291.935367 28
122291.935443 28
122291.935476 28
122291.936593 28
122291.993477 28
122291.994668 28
122291.995893 28
122291.997164 28
122291.998363 28
122291.999529 28
122292.000791 28
122292.001918 28
122292.003195 28
122292.004376 28
122292.005532 28
122292.006805 28
122292.008063 28
122292.009247 28
122292.010459 28
122292.011605 28
122292.012868 28
122292.014078 28
122292.015207 28
122292.016436 28
122292.017694 28
122292.018903 28
122292.020149 28
122292.021287 28
122292.022552 28
122292.023746 28
122292.024960 28
122292.026162 28
122292.027346 28
122292.028576 28
122292.029796 28
122292.029805 28
122292.029845 28
122292.087942 28
122292.089205 28
122292.090362 28
122292.091635 28
122292.092809 28
122292.094039 28
122292.095296 28
122292.096365 28
122292.097638 28
122292.098911 28
122292.100091 28
122292.101299 28
122292.102526 28
122292.103750 28
122292.104933 28
122292.106203 28
122292.107279 28
122292.108533 28
122292.109733 28
122292.110979 28
122292.112155 28
122292.113352 28
122292.114605 28
122292.115788 28
122292.117033 28
122292.118254 28
122292.119399 28
122292.120637 28
122292.121851 28
122292.123071 28
122292.124246 28
122292.125461 28
122292.184835 28
122292.184845 28
122292.184882 28
122292.186153 28
122292.187212 28
122292.188443 28
122292.189637 28
122292.190974 28
122292.192141 28
122292.193352 28
122292.194562 28
122292.195818 28
122292.197001 28
122292.198223 28
122292.199355 28
122292.200681 28
122292.201837 28
122292.203095 28
122292.204210 28
122292.205387 28
122292.206606 28
122292.207840 28
122292.209089 28
122292.210233 28
122292.211432 28
122292.212688 28
122292.213896 28
122292.215133 28
122292.216297 28
122292.217495 28
122292.218755 28
122292.219992 28
122292.221197 28
122292.222411 28
122292.283042 28
122292.284191 28
122292.285393 28
122292.285412 28
122292.285488 28
122292.286584 28
122292.287773 28
122292.288962 28
122292.290260 28
122292.291425 28
122292.292644 28
122292.293855 28
122292.295106 28
122292.296290 28
122292.297508 28
122292.298669 28
122292.299953 28
122292.301119 28
122292.302371 28
122292.303542 28
122292.304727 28
122292.305967 28
122292.307179 28
122292.308345 28
122292.309584 28
122292.310783 28
122292.311978 28
122292.313189 28
122292.314425 28
122292.315621 28
122292.316833 28
122292.318083 28
122292.319266 28
122292.320451 28
122292.321655 28
122292.381089 28
122292.382288 28
122292.383487 28
122292.384653 28
122292.385853 28
122292.385862 28
122292.385896 28
122292.387220 28
122292.388391 28
122292.389573 28
122292.390779 28
122292.391907 28
122292.393198 28
122292.394465 28
122292.395634 28
122292.396808 28
122292.398049 28
122292.399316 28
122292.400428 28
122292.401637 28
122292.402909 28
122292.404094 28
122292.405239 28
122292.406458 28
122292.407725 28
122292.408915 28
122292.410129 28
122292.411340 28
122292.412543 28
122292.413759 28
122292.414953 28
122292.416154 28
122292.417362 28
122292.418654 28
122292.419792 28
122292.422265 28
122292.482779 28
122292.484081 28
122292.485144 28
122292.486402 28
122292.487655 28
122292.488901 28
122292.490085 28
122292.490094 28
122292.490143 28
122292.491395 28
122292.492495 28
122292.493776 28
122292.494939 28
122292.496206 28
122292.497283 28
122292.498566 28
122292.499774 28
122292.501091 28
122292.502251 28
122292.503428 28
122292.504627 28
122292.505801 28
122292.507028 28
122292.508193 28
122292.509387 28
122292.510609 28
122292.511816 28
122292.513076 28
122292.514271 28
122292.515444 28
122292.516668 28
122292.517886 28
122292.519093 28
122292.520292 28
122292.521499 28
122292.522711 28
122292.523926 28
122292.585709 28
122292.586937 28
122292.588169 28
122292.589330 28
122292.590565 28
122292.591804 28
122292.593175 28
122292.594331 28
122292.595545 28
122292.595555 28
122292.595573 28
122292.596707 28
122292.597861 28
122292.599112 28
122292.600362 28
122292.601539 28
122292.602704 28
122292.603995 28
122292.605191 28
122292.606360 28
122292.607569 28
122292.608792 28
122292.609945 28
122292.611159 28
122292.612349 28
122292.613558 28
122292.614789 28
122292.615989 28
122292.617234 28
122292.618426 28
122292.619635 28
122292.620839 28
122292.622075 28
122292.623259 28
122292.624474 28
122292.625712 28
122292.626916 28
122292.628116 28
122292.691170 28
122292.692299 28
122292.693513 28
122292.694802 28
122292.696026 28
122292.697213 28
122292.698389 28
122292.699624 28
122292.700899 28
122292.702060 28
122292.703294 28
122292.703304 28
122292.703344 28
122292.704546 28
122292.705711 28
122292.707027 28
122292.708176 28
122292.709408 28
122292.710503 28
122292.711779 28
122292.712974 28
122292.714203 28
122292.715379 28
122292.716614 28
122292.717797 28
122292.718999 28
122292.720181 28
122292.721365 28
122292.722600 28
122292.723789 28
122292.724987 28
122292.726202 28
122292.727409 28
122292.728616 28
122292.729835 28
122292.731089 28
122292.732283 28
122292.733501 28
122292.734680 28
122293.825988 28
122293.826021 28
122293.828414 28
122293.828452 28
122293.830855 28
122293.830877 28
122293.833301 28
122293.833339 28
122293.835661 28
122293.835691 28
122293.838145 28
122293.838164 28
122293.840584 28
122293.840602 28
122293.842970 28
122293.842988 28
122293.845542 28
122293.845560 28
122293.847901 28
122293.847920 28
122293.850342 28
122293.850362 28
122293.852742 28
122293.852762 28
122293.855190 28
122293.855209 28
122293.857540 28
122293.857559 28
122293.859943 28
122293.859960 28
122293.862385 28
122293.862403 28
122293.864789 28
122293.864819 28
122293.867183 28
122293.867211 28
122293.869659 28
122293.869687 28
122293.872075 28
122293.872101 28
122293.874496 28
122293.874513 28
122293.876910 28
122293.876938 28
122293.947129 28
122293.947157 28
122293.949500 28
122293.949514 28
122293.951942 28
122293.951956 28
122293.954345 28
122293.954358 28
122293.956831 28
122293.956844 28
122293.959254 28
122293.959268 28
122293.961625 28
122293.961646 28
122293.964143 28
122293.964178 28
122293.966515 28
122293.966541 28
122293.968915 28
122293.968945 28
122293.971275 28
122293.971290 28
122293.973718 28
122293.973742 28
122293.976164 28
122293.976180 28
122293.978570 28
122293.978586 28
122293.980989 28
122293.981042 28
122293.983498 28
122293.983526 28
122293.985914 28
122293.985936 28
122293.988342 28
122293.988368 28
122293.990775 28
122293.990802 28
122293.993133 28
122293.993146 28
122293.993175 28
122293.993204 28
122293.995584 28
122293.995607 28
122293.998059 28
122293.998095 28
122294.069442 28
122294.069470 28
122294.071849 28
122294.071878 28
122294.074325 28
122294.074353 28
122294.076738 28
122294.076764 28
122294.079190 28
122294.079212 28
122294.081568 28
122294.081595 28
122294.083995 28
122294.084012 28
122294.086430 28
122294.086456 28
122294.088839 28
122294.088868 28
122294.091365 28
122294.091392 28
122294.093796 28
122294.093843 28
122294.096218 28
122294.096247 28
122294.098634 28
122294.098662 28
122294.101054 28
122294.101072 28
122294.103432 28
122294.103462 28
122294.105797 28
122294.105814 28
122294.108311 28
122294.108356 28
122294.110752 28
122294.110783 28
122294.113166 28
122294.113215 28
122294.115569 28
122294.115600 28
122294.118019 28
122294.118063 28
122294.120424 28
122294.120464 28
122294.161299 28
122294.191844 28
122294.191875 28
122294.194234 28
122294.194263 28
122294.196704 28
122294.196736 28
122294.199181 28
122294.199235 28
122294.201539 28
122294.201590 28
122294.203998 28
122294.204023 28
122294.206480 28
122294.206535 28
122294.208832 28
122294.208885 28
122294.211190 28
122294.211208 28
122294.213651 28
122294.213681 28
122294.216107 28
122294.216143 28
122294.218496 28
122294.218533 28
122294.220972 28
122294.221008 28
122294.223422 28
122294.223475 28
122294.225768 28
122294.225796 28
122294.228199 28
122294.228238 28
122294.231763 28
122294.231790 28
122294.234151 28
122294.234175 28
122294.236578 28
122294.236614 28
122294.239034 28
122294.239081 28
122294.241427 28
122294.241436 28
122294.241471 28
122294.241502 28
122294.243850 28
122294.243884 28
122294.315298 28
122294.315332 28
122294.317817 28
122294.317857 28
122294.320149 28
122294.320197 28
122294.322607 28
122294.322622 28
122294.325055 28
122294.325072 28
122294.327470 28
122294.327498 28
122294.329890 28
122294.329907 28
122294.332266 28
122294.332298 28
122294.334720 28
122294.334739 28
122294.337237 28
122294.337263 28
122294.339652 28
122294.339675 28
122294.342037 28
122294.342077 28
122294.344531 28
122294.344592 28
122294.346947 28
122294.346984 28
122294.349372 28
122294.349424 28
122294.351755 28
122294.351787 28
122294.354124 28
122294.354140 28
122294.356560 28
122294.356576 28
122294.358977 28
122294.358993 28
122294.361403 28
122294.361419 28
122294.363811 28
122294.363826 28
122294.366246 28
122294.366265 28
122294.368678 28
122294.368696 28
122294.441237 28
122294.441264 28
122294.443720 28
122294.443735 28
122294.446301 28
122294.446341 28
122294.448585 28
122294.448614 28
122294.451063 28
122294.451092 28
122294.453464 28
122294.453496 28
122294.455875 28
122294.455907 28
122294.458343 28
122294.458361 28
122294.460653 28
122294.460690 28
122294.463243 28
122294.463288 28
122294.465569 28
122294.465598 28
122294.468057 28
122294.468088 28
122294.470484 28
122294.470509 28
122294.472891 28
122294.472917 28
122294.475341 28
122294.475366 28
122294.477739 28
122294.477778 28
122294.480206 28
122294.480243 28
122294.482608 28
122294.482653 28
122294.485012 28
122294.485057 28
122294.487448 28
122294.487488 28
122294.489839 28
122294.489868 28
122294.492242 28
122294.492283 28
122294.494718 28
122294.494728 28
122294.494768 28
122294.494797 28
122294.568536 28
122294.568582 28
122294.571008 28
122294.571045 28
122294.573325 28
122294.573370 28
122294.575745 28
122294.575771 28
122294.578354 28
122294.578399 28
122294.580737 28
122294.580784 28
122294.583095 28
122294.583135 28
122294.585602 28
122294.585620 28
122294.587949 28
122294.587973 28
122294.590434 28
122294.590461 28
122294.592831 28
122294.592854 28
122294.595258 28
122294.595312 28
122294.597670 28
122294.597710 28
122294.600098 28
122294.600147 28
122294.602529 28
122294.602574 28
122294.605105 28
122294.605147 28
122294.607386 28
122294.607428 28
122294.609789 28
122294.609821 28
122294.612227 28
122294.612277 28
122294.614645 28
122294.614682 28
122294.617049 28
122294.617092 28
122294.619472 28
122294.619502 28
122294.621897 28
122294.621949 28
122294.662232 28
122294.695699 28
122294.695731 28
122294.698179 28
122294.698227 28
122294.700515 28
122294.700532 28
122294.702995 28
122294.703012 28
122294.705363 28
122294.705393 28
122294.707800 28
122294.707816 28
122294.710259 28
122294.710285 28
122294.712632 28
122294.712650 28
122294.715105 28
122294.715122 28
122294.717480 28
122294.717510 28
122294.719971 28
122294.719989 28
122294.722413 28
122294.722443 28
122294.724837 28
122294.724855 28
122294.727255 28
122294.727272 28
122294.729659 28
122294.729686 28
122294.732040 28
122294.732096 28
122294.735567 28
122294.735590 28
122294.738096 28
122294.738147 28
122294.740422 28
122294.740450 28
122294.742876 28
122294.742940 28
122294.745275 28
122294.745304 28
122294.747700 28
122294.747717 28
122294.750140 28
122294.750174 28
122294.824020 28
122294.824030 28
122294.824060 28
122294.824103 28
122294.826459 28
122294.826474 28
122294.828903 28
122294.828920 28
122294.831316 28
122294.831330 28
122294.833816 28
122294.833830 28
122294.836131 28
122294.836146 28
122294.838570 28
122294.838597 28
122294.840989 28
122294.841005 28
122294.843423 28
122294.843438 28
122294.845916 28
122294.845956 28
122294.848336 28
122294.848390 28
122294.850768 28
122294.850830 28
122294.853194 28
122294.853221 28
122294.855605 28
122294.855632 28
122294.858030 28
122294.858072 28
122294.860534 28
122294.860585 28
122294.862909 28
122294.862937 28
122294.865332 28
122294.865371 28
122294.867741 28
122294.867780 28
122294.870146 28
122294.870173 28
122294.872611 28
122294.872642 28
122294.875028 28
122294.875069 28
122294.877455 28
122294.877486 28
122294.918355 28
122294.953629 28
122294.953664 28
122294.956165 28
122294.956211 28
122294.958545 28
122294.958575 28
122294.960912 28
122294.960941 28
122294.963360 28
122294.963392 28
122294.965751 28
122294.965780 28
122294.968240 28
122294.968270 28
122294.970624 28
122294.970657 28
122294.973071 28
122294.973105 28
122294.975473 28
122294.975503 28
122294.977867 28
122294.977883 28
122294.980314 28
122294.980344 28
122294.982795 28
122294.982817 28
122294.985256 28
122294.985280 28
122294.987664 28
122294.987680 28
122294.990071 28
122294.990109 28
122294.992376 28
122294.992413 28
122294.994839 28
122294.994869 28
122294.997281 28
122294.997311 28
122294.999736 28
122294.999766 28
122295.002145 28
122295.002175 28
122295.004569 28
122295.004586 28
122295.007035 28
122295.007066 28
122295.047221 28
122295.083189 28
122295.083214 28
122295.085617 28
122295.085626 28
122295.085655 28
122295.085668 28
122295.088069 28
122295.088126 28
122295.090472 28
122295.090498 28
122295.092894 28
122295.092922 28
122295.095287 28
122295.095312 28
122295.097748 28
122295.097773 28
122295.100279 28
122295.100311 28
122295.102650 28
122295.102683 28
122295.105106 28
122295.105130 28
122295.107520 28
122295.107548 28
122295.109928 28
122295.109960 28
122295.112318 28
122295.112346 28
122295.114755 28
122295.114796 28
122295.117291 28
122295.117326 28
122295.119667 28
122295.119713 28
122295.122119 28
122295.122150 28
122295.124515 28
122295.124556 28
122295.126954 28
122295.126992 28
122295.129401 28
122295.129444 28
122295.131790 28
122295.131831 28
122295.134240 28
122295.134283 28
122295.136627 28
122295.136675 28
122295.177140 28
122295.214151 28
122295.214182 28
122295.216445 28
122295.216473 28
122295.218924 28
122295.218952 28
122295.221279 28
122295.221295 28
122295.223848 28
122295.223870 28
122295.226313 28
122295.226330 28
122295.228649 28
122295.228674 28
122295.231049 28
122295.231087 28
122295.233480 28
122295.233512 28
122295.235926 28
122295.235971 28
122295.238315 28
122295.238333 28
122295.240717 28
122295.240745 28
122295.243237 28
122295.243264 28
122295.245657 28
122295.245678 28
122295.248071 28
122295.248109 28
122295.250527 28
122295.250576 28
122295.252828 28
122295.252856 28
122295.255283 28
122295.255310 28
122295.257675 28
122295.257710 28
122295.260059 28
122295.260087 28
122295.262546 28
122295.262572 28
122295.264979 28
122295.265032 28
122295.267326 28
122295.267342 28
122295.269809 28
122295.269836 28
122295.344853 28
122295.344882 28
122295.347298 28
122295.347327 28
122295.349753 28
122295.349788 28
122295.352116 28
122295.352125 28
122295.352153 28
122295.352166 28
122295.354542 28
122295.354567 28
122295.356952 28
122295.356980 28
122295.359392 28
122295.359419 28
122295.361810 28
122295.361839 28
122295.364257 28
122295.364287 28
122295.366790 28
122295.366822 28
122295.369168 28
122295.369199 28
122295.371604 28
122295.371635 28
122295.374008 28
122295.374049 28
122295.376437 28
122295.376456 28
122295.378880 28
122295.378909 28
122295.381264 28
122295.381300 28
122295.384871 28
122295.384904 28
122295.387170 28
122295.387198 28
122295.389607 28
122295.389634 28
122295.392136 28
122295.392166 28
122295.394486 28
122295.394512 28
122295.396903 28
122295.396933 28
122295.399323 28
122295.399349 28
122295.401745 28
122295.401771 28
122295.442194 28
122295.479316 28
122295.479331 28
122295.481755 28
122295.481770 28
122295.484185 28
122295.484210 28
122295.486583 28
122295.486597 28
122295.489041 28
122295.489074 28
122295.491419 28
122295.491443 28
122295.493895 28
122295.493909 28
122295.496333 28
122295.496357 28
122295.498776 28
122295.498799 28
122295.501116 28
122295.501148 28
122295.503517 28
122295.503531 28
122295.505933 28
122295.505947 28
122295.508362 28
122295.508384 28
122295.510778 28
122295.510791 28
122295.513195 28
122295.513228 28
122295.515629 28
122295.515645 28
122295.518055 28
122295.518099 28
122295.520479 28
122295.520500 28
122295.522893 28
122295.522906 28
122295.525311 28
122295.525338 28
122295.527731 28
122295.527745 28
122295.530163 28
122295.530195 28
122295.532576 28
122295.532596 28
122295.534998 28
122295.535034 28
122295.576113 28
122295.606534 28
122295.606552 28
122295.608995 28
122295.609017 28
122295.612520 28
122295.612530 28
122295.613800 28
122295.613810 28
122295.616221 28
122295.616227 28
122295.616237 28
122295.616245 28
122295.618650 28
122295.618660 28
122295.621084 28
122295.621106 28
122295.623491 28
122295.623501 28
122295.625913 28
122295.625923 28
122295.628337 28
122295.628352 28
122295.630758 28
122295.630768 28
122295.633182 28
122295.633195 28
122295.635603 28
122295.635620 28
122295.638038 28
122295.638048 28
122295.640457 28
122295.640467 28
122295.642863 28
122295.642873 28
122295.645294 28
122295.645309 28
122295.647720 28
122295.647731 28
122295.650155 28
122295.650169 28
122295.652560 28
122295.652570 28
122295.655017 28
122295.655028 28
122295.657427 28
122295.657442 28
122295.659875 28
122295.659892 28
122295.662274 28
122295.662291 28
122295.664694 28
122295.664703 28
122295.667206 28
122295.667234 28
122295.669578 28
122295.669594 28
122295.671958 28
122295.671968 28
122295.674396 28
122295.674407 28
122295.676828 28
122295.676839 28
122295.679280 28
122295.679296 28
122295.681706 28
122295.681717 28
122295.684163 28
122295.684178 28
122295.686565 28
122295.686576 28
122295.689040 28
122295.689058 28
122295.691318 28
122295.691330 28
122295.693816 28
122295.693827 28
122295.696214 28
122295.696225 28
122295.698713 28
122295.698724 28
122295.701104 28
122295.701116 28
122295.703537 28
122295.703549 28
122295.705919 28
122295.705931 28
122295.708576 28
122295.708608 28
122295.711003 28
122295.711015 28
122295.713430 28
122295.713446 28
122295.715858 28
122295.715881 28
122295.718344 28
122295.718380 28
122295.720735 28
122295.720760 28
122295.723154 28
122295.723167 28
122295.725556 28
122295.725580 28
122295.728033 28
122295.728054 28
122295.730465 28
122295.730480 28
122295.732869 28
122295.732894 28
122295.735280 28
122295.735305 28
122295.737693 28
122295.737717 28
122295.740123 28
122295.740156 28
122295.742509 28
122295.742516 28
122295.742539 28
122295.742565 28
122295.744911 28
122295.744933 28
122295.747387 28
122295.747419 28
122295.749802 28
122295.749816 28
122295.752195 28
122295.752209 28
122295.754651 28
122295.754676 28
122295.757070 28
122295.757085 28
122295.759518 28
122295.759538 28
122295.761915 28
122295.761929 28
122295.764357 28
122295.764372 28
122295.766782 28
122295.766805 28
122295.769180 28
122295.769193 28
122295.771576 28
122295.771590 28
122295.774022 28
122295.774036 28
122295.776461 28
122295.776475 28
122295.778876 28
122295.778891 28
122295.781317 28
122295.781347 28
122295.783744 28
122295.783759 28
122295.786155 28
122295.786169 28
122295.788601 28
122295.788632 28
122295.791015 28
122295.791033 28
122295.793378 28
122295.793394 28
122295.795855 28
122295.795873 28
122295.798323 28
122295.798390 28
122295.800718 28
122295.800772 28
122295.803111 28
122295.803130 28
122295.805550 28
122295.805579 28
122295.807993 28
122295.808010 28
122295.810463 28
122295.810504 28
122295.812793 28
122295.812810 28
122295.815199 28
122295.815213 28
122295.817662 28
122295.817679 28
122295.820169 28
122295.820186 28
122295.822565 28
122295.822581 28
122295.825026 28
122295.825043 28
122295.827440 28
122295.827457 28
122295.829862 28
122295.829892 28
122295.832230 28
122295.832262 28
122295.834649 28
122295.834695 28
122295.837107 28
122295.837129 28
122295.839461 28
122295.839503 28
122295.841924 28
122295.841956 28
122295.844361 28
122295.844390 28
122295.846835 28
122295.846860 28
122295.849229 28
122295.849258 28
122295.851669 28
122295.851700 28
122295.854087 28
122295.854109 28
122295.856468 28
122295.856496 28
122295.858887 28
122295.858901 28
122295.861285 28
122295.861316 28
122295.863739 28
122295.863770 28
122295.866129 28
122295.866165 28
122295.868618 28
122295.868635 28
122295.871017 28
122295.871027 28
122295.871062 28
122295.871093 28
122295.873440 28
122295.873469 28
122295.875905 28
122295.875922 28
122295.878338 28
122295.878367 28
122295.880789 28
122295.880806 28
122295.883303 28
122295.883344 28
122295.885646 28
122295.885662 28
122295.888146 28
122295.888163 28
122295.890585 28
122295.890603 28
122295.893020 28
122295.893071 28
122295.895352 28
122295.895384 28
122295.897784 28
122295.897814 28
122295.900279 28
122295.900298 28
122295.902700 28
122295.902729 28
122295.905099 28
122295.905117 28
122295.907537 28
122295.907555 28
122295.909959 28
122295.909977 28
122295.912383 28
122295.912401 28
122295.914771 28
122295.914790 28
122295.917247 28
122295.917265 28
122295.919591 28
122295.919628 28
122295.922087 28
122295.922128 28
122295.924468 28
122295.924485 28
122295.926953 28
122295.927004 28
122295.929361 28
122295.929392 28
122295.931776 28
122295.931800 28
122295.934232 28
122295.934314 28
122295.936615 28
122295.936639 28
122295.939078 28
122295.939108 28
122295.941420 28
122295.941464 28
122295.943947 28
122295.943985 28
122295.946257 28
122295.946294 28
122295.948819 28
122295.948863 28
122295.951224 28
122295.951243 28
122295.953638 28
122295.953676 28
122295.955977 28
122295.956005 28
122295.958501 28
122295.958539 28
122295.960828 28
122295.960845 28
122295.963316 28
122295.963336 28
122295.965695 28
122295.965726 28
122295.968190 28
122295.968225 28
122295.970602 28
122295.970620 28
122295.972996 28
122295.973016 28
122295.975418 28
122296.002080 28
