122280.665175 2147483647
122280.665212 2147483647
122280.870135 2147483647
122280.870170 2147483647
122280.870200 2147483647
122280.870226 2147483647
122280.870242 2147483647
122280.870258 2147483647
122280.870272 2147483647
122280.870287 2147483647
122280.870301 2147483647
122280.870316 2147483647
122280.970778 2147483647
122280.970785 2147483647
122280.970806 2147483647
122280.971945 2147483647
122280.971953 2147483647
122280.971973 2147483647
122280.973121 2147483647
122280.973128 2147483647
122280.973148 2147483647
122280.974379 2147483647
122280.974386 2147483647
122280.974406 2147483647
122280.975527 2147483647
122280.975535 2147483647
122280.975555 2147483647
122280.976786 2147483647
122280.976793 2147483647
122280.976814 2147483647
122280.977975 2147483647
122280.977982 2147483647
122280.977999 2147483647
122280.979256 2147483647
122280.979263 2147483647
122280.979281 2147483647
122280.980428 2147483647
122280.980436 2147483647
122280.980458 2147483647
122280.984055 2147483647
122280.984064 2147483647
122280.984085 2147483647
122281.084560 2147483647
122281.084568 2147483647
122281.084599 2147483647
122281.085874 2147483647
122281.085881 2147483647
122281.085906 2147483647
122281.087028 2147483647
122281.087047 2147483647
122281.087068 2147483647
122281.088224 2147483647
122281.088231 2147483647
122281.088249 2147483647
122281.089457 2147483647
122281.089465 2147483647
122281.089485 2147483647
122281.090695 2147483647
122281.090702 2147483647
122281.090714 2147483647
122281.091822 2147483647
122281.091830 2147483647
122281.091848 2147483647
122281.093136 2147483647
122281.093143 2147483647
122281.093164 2147483647
122281.094260 2147483647
122281.094267 2147483647
122281.094287 2147483647
122281.095505 2147483647
122281.095514 2147483647
122281.095538 2147483647
122281.096678 2147483647
122281.096685 2147483647
122281.096706 2147483647
122281.097997 2147483647
122281.098007 2147483647
122281.098022 2147483647
122281.099137 2147483647
122281.099197 2147483647
122281.099343 2147483647
122281.100340 2147483647
122281.100348 2147483647
122281.100369 2147483647
122281.101535 2147483647
122281.101542 2147483647
122281.101562 2147483647
122281.102796 2147483647
122281.102804 2147483647
122281.102825 2147483647
122281.103941 2147483647
122281.103949 2147483647
122281.103963 2147483647
122281.105287 2147483647
122281.105295 2147483647
122281.105310 2147483647
122281.108856 2147483647
122281.108885 2147483647
122281.108900 2147483647
122281.110025 2147483647
122281.110032 2147483647
122281.110052 2147483647
122281.211804 2147483647
122281.211811 2147483647
122281.211824 2147483647
122281.212957 2147483647
122281.212964 2147483647
122281.212975 2147483647
122281.214234 2147483647
122281.214243 2147483647
122281.214268 2147483647
122281.215351 2147483647
122281.215358 2147483647
122281.215374 2147483647
122281.216652 2147483647
122281.216659 2147483647
122281.216672 2147483647
122281.217868 2147483647
122281.217899 2147483647
122281.217913 2147483647
122281.219127 2147483647
122281.219134 2147483647
122281.219147 2147483647
122281.220297 2147483647
122281.220307 2147483647
122281.220339 2147483647
122281.221541 2147483647
122281.221551 2147483647
122281.221581 2147483647
122281.222725 2147483647
122281.222735 2147483647
122281.222855 2147483647
122281.223929 2147483647
122281.223939 2147483647
122281.223976 2147483647
122281.225146 2147483647
122281.225157 2147483647
122281.225195 2147483647
122281.226328 2147483647
122281.226335 2147483647
122281.226362 2147483647
122281.227484 2147483647
122281.227491 2147483647
122281.227511 2147483647
122281.228723 2147483647
122281.228730 2147483647
122281.228742 2147483647
122281.229940 2147483647
122281.229947 2147483647
122281.229968 2147483647
122281.231172 2147483647
122281.231180 2147483647
122281.231207 2147483647
122281.232319 2147483647
122281.232326 2147483647
122281.232346 2147483647
122281.233552 2147483647
122281.233559 2147483647
122281.233578 2147483647
122281.234788 2147483647
122281.234796 2147483647
122281.234807 2147483647
122281.236023 2147483647
122281.236031 2147483647
122281.236051 2147483647
122281.237194 2147483647
122281.237201 2147483647
122281.237222 2147483647
122281.238459 2147483647
122281.238469 2147483647
122281.238494 2147483647
122281.239675 2147483647
122281.240891 31
122281.243240 31
122281.245677 31
122281.250515 31
122281.352227 31
122281.354694 31
122281.357226 31
122281.359572 31
122281.361974 31
122281.364392 31
122281.366784 31
122281.369183 31
122281.370427 31
122281.370438 31
122281.371652 31
122281.371666 31
122281.372859 31
122281.372873 31
122281.374127 31
122281.374141 31
122281.375265 31
122281.375279 31
122281.376498 31
122281.376512 31
122281.377685 31
122281.377698 31
122281.378916 31
122281.378929 31
122281.380145 31
122281.380172 31
122281.381319 31
122281.382564 31
122281.383770 31
122281.387364 31
122281.489175 31
122281.490400 31
122281.491634 31
122281.492781 31
122281.494010 31
122281.495324 31
122281.496450 31
122281.497671 31
122281.498908 31
122281.500179 31
122281.501308 31
122281.502517 31
122281.503733 31
122281.504965 31
122281.506087 31
122281.507337 31
122281.508554 31
122281.509774 31
122281.510931 31
122281.512248 31
122281.513356 31
122281.514599 31
122281.515840 31
122281.517077 31
122281.518270 31
122281.519450 31
122281.520618 31
122281.521870 31
122281.521897 31
122281.523090 31
122281.526698 31
122281.629595 31
122281.630822 31
122281.632169 31
122281.633273 31
122281.634628 31
122281.635749 31
122281.636973 31
122281.638307 31
122281.639375 31
122281.640622 31
122281.641894 31
122281.643010 31
122281.644240 31
122281.645362 31
122281.646613 31
122281.647838 31
122281.648975 31
122281.650195 31
122281.651442 31
122281.652617 31
122281.653862 31
122281.655066 31
122281.656297 31
122281.657513 31
122281.658692 31
122281.659935 31
122281.661138 31
122281.662358 31
122281.663576 31
122281.667200 31
122281.771392 15
122281.773815 15
122281.776324 15
122281.778698 15
122281.781135 15
122281.783523 15
122281.785937 15
122281.788257 15
122281.790724 15
122281.793147 15
122281.795582 15
122281.797999 15
122281.800435 15
122281.804064 15
122281.807649 15
122281.910661 15
122281.911850 15
122281.913114 15
122281.913141 15
122281.913166 15
122281.914370 15
122281.915485 15
122281.916725 15
122281.917901 15
122281.919134 15
122281.920411 15
122281.921537 15
122281.922807 15
122281.924054 15
122281.925239 15
122281.926379 15
122281.930073 15
122282.032948 15
122282.034192 15
122282.035382 15
122282.036564 15
122282.037865 15
122282.037874 15
122282.037899 15
122282.039019 15
122282.040249 15
122282.041417 15
122282.042668 15
122282.043815 15
122282.045130 15
122282.046336 15
122282.047523 15
122282.048733 15
122282.049907 15
122282.054744 15
122282.157663 15
122282.158934 15
122282.160254 15
122282.161351 15
122282.162562 15
122282.163814 15
122282.164993 15
122282.165018 15
122282.165052 15
122282.166314 15
122282.167453 15
122282.168681 15
122282.169837 15
122282.171156 15
122282.172213 15
122282.173470 15
122282.174647 15
122282.175885 15
122282.181927 15
122282.284851 15
122282.286090 15
122282.287254 15
122282.288485 15
122282.289698 15
122282.290944 15
122282.292130 15
122282.293307 15
122282.294543 15
122282.294549 15
122282.294565 15
122282.295761 15
122282.296955 15
122282.298159 15
122282.299382 15
122282.300603 15
122282.301810 15
122282.303113 15
122282.304213 15
122282.310256 15
122282.414465 15
122282.415676 15
122282.416880 15
122282.418092 15
122282.419308 15
122282.420486 15
122282.421725 15
122282.422921 15
122282.424166 15
122282.425391 15
122282.426606 15
122282.426612 15
122282.426629 15
122282.427788 15
122282.429039 15
122282.430188 15
122282.431391 15
122282.432637 15
122282.433806 15
122282.435172 15
122282.441216 15
122282.544132 15
122282.545268 15
122282.546471 15
122282.547660 15
122282.548942 15
122282.550107 15
122282.551323 15
122282.552527 15
122282.553721 15
122282.554940 15
122282.556149 15
122282.557362 15
122282.558576 15
122282.558582 15
122282.558590 15
122282.559803 15
122282.561026 15
122282.562193 15
122282.563430 15
122282.564642 15
122282.565819 15
122282.571958 15
122282.676144 15
122282.677398 15
122282.678632 15
122282.679831 15
122282.680934 15
122282.682174 15
122282.683416 15
122282.684619 15
122282.685810 15
122282.687069 15
122282.688215 15
122282.689445 15
122282.690640 15
122282.691854 15
122282.693065 15
122282.693094 15
122282.693118 15
122282.694402 15
122282.695494 15
122282.696719 15
122282.697935 15
122282.699126 15
122282.705269 15
122284.791149 13
122284.791165 13
122284.793546 13
122284.793559 13
122284.796123 13
122284.796136 13
122284.798385 13
122284.798405 13
122284.800865 13
122284.800889 13
122284.803230 13
122284.803239 13
122284.803263 13
122284.803275 13
122284.805680 13
122284.805701 13
122284.808126 13
122284.808148 13
122284.810557 13
122284.810581 13
122284.815345 13
122284.815368 13
122284.860137 13
122284.860150 13
122284.884361 13
122284.884375 13
122284.886921 13
122284.886934 13
122284.889200 13
122284.889217 13
122284.891723 13
122284.891758 13
122284.894125 13
122284.894145 13
122284.896527 13
122284.896549 13
122284.899050 13
122284.899071 13
122284.901334 13
122284.901345 13
122284.903799 13
122284.903819 13
122284.906183 13
122284.906197 13
122284.911090 13
122284.911115 13
122284.954678 13
122284.954696 13
122284.978810 13
122284.978826 13
122284.981236 13
122284.981251 13
122284.983669 13
122284.983684 13
122284.986107 13
122284.986122 13
122284.988490 13
122284.988505 13
122284.991038 13
122284.991058 13
122284.993354 13
122284.993372 13
122284.995822 13
122284.995829 13
122284.995847 13
122284.995863 13
122284.998198 13
122284.998229 13
122285.000678 13
122285.000697 13
122285.005504 13
122285.005515 13
122285.050324 13
122285.050338 13
122285.074594 13
122285.074612 13
122285.077052 13
122285.077067 13
122285.079365 13
122285.079383 13
122285.081853 13
122285.081862 13
122285.084217 13
122285.084235 13
122285.086652 13
122285.086670 13
122285.089055 13
122285.089090 13
122285.091490 13
122285.091508 13
122285.093919 13
122285.093936 13
122285.096363 13
122285.096401 13
122285.101175 13
122285.101193 13
122285.143116 13
122285.148414 13
122285.148435 13
122285.172660 13
122285.172671 13
122285.175207 13
122285.175243 13
122285.177548 13
122285.177567 13
122285.180095 13
122285.180135 13
122285.182381 13
122285.182394 13
122285.184800 13
122285.184818 13
122285.187205 13
122285.187226 13
122285.189626 13
122285.189650 13
122285.192129 13
122285.192141 13
122285.192163 13
122285.192182 13
122285.194454 13
122285.194477 13
122285.199334 13
122285.199365 13
122285.246555 13
122285.246577 13
122285.270783 13
122285.270805 13
122285.273297 13
122285.273326 13
122285.275648 13
122285.275671 13
122285.278151 13
122285.278179 13
122285.280597 13
122285.280610 13
122285.282947 13
122285.282975 13
122285.285351 13
122285.285377 13
122285.287825 13
122285.287851 13
122285.290262 13
122285.290291 13
122285.292645 13
122285.292667 13
122285.295022 13
122285.295048 13
122285.299928 13
122285.299945 13
122285.345850 13
122285.345870 13
122285.370150 13
122285.370186 13
122285.372527 13
122285.372548 13
122285.374990 13
122285.375027 13
122285.377350 13
122285.377395 13
122285.379841 13
122285.379855 13
122285.382255 13
122285.382267 13
122285.384614 13
122285.384627 13
122285.387049 13
122285.387086 13
122285.389473 13
122285.389485 13
122285.391917 13
122285.391930 13
122285.394307 13
122285.394314 13
122285.394326 13
122285.394337 13
122285.399216 13
122285.399239 13
122285.446404 13
122285.446426 13
122285.470624 13
122285.470656 13
122285.473160 13
122285.473216 13
122285.475479 13
122285.475490 13
122285.477924 13
122285.477946 13
122285.480294 13
122285.480328 13
122285.482720 13
122285.482741 13
122285.485162 13
122285.485182 13
122285.487592 13
122285.487613 13
122285.489976 13
122285.489996 13
122285.492430 13
122285.492453 13
122285.494859 13
122285.494879 13
122285.499729 13
122285.499743 13
122285.540171 13
122285.549310 13
122285.549333 13
122285.573578 13
122285.573592 13
122285.576172 13
122285.576198 13
122285.578430 13
122285.578461 13
122285.580891 13
122285.580913 13
122285.583278 13
122285.583302 13
122285.585684 13
122285.585706 13
122285.588166 13
122285.588189 13
122285.590509 13
122285.590531 13
122285.592918 13
122285.592940 13
122285.595394 13
122285.595416 13
122285.597839 13
122285.597862 13
122285.602712 13
122285.602720 13
122285.602743 13
122285.602753 13
122285.652276 13
122285.652298 13
122285.676540 13
122285.676561 13
122285.679051 13
122285.679069 13
122285.681359 13
122285.681374 13
122285.683818 13
122285.683842 13
122285.686316 13
122285.686350 13
122285.688674 13
122285.688695 13
122285.691095 13
122285.691118 13
122285.693478 13
122285.693496 13
122285.695926 13
122285.695948 13
122285.698347 13
122285.698361 13
122285.700777 13
122285.700799 13
122285.705602 13
122285.705624 13
122285.708085 13
122285.708121 13
122285.756459 13
122285.756479 13
122285.780775 13
122285.780791 13
122285.783191 13
122285.783227 13
122285.785638 13
122285.785652 13
122285.787944 13
122285.787957 13
122285.790349 13
122285.790361 13
122285.792842 13
122285.792858 13
122285.795303 13
122285.795316 13
122285.797619 13
122285.797633 13
122285.800109 13
122285.800131 13
122285.802489 13
122285.802502 13
122285.804959 13
122285.804973 13
122285.809761 13
122285.809775 13
122285.812226 13
122285.812239 13
122285.860575 13
122285.860582 13
122285.860600 13
122285.860627 13
122285.876057 13
