0
0
0
0
0
0
0
0
0
0
0
0
0
0
0
0
0
0
0
0
0
0
0
0
0
0
0
0
0
0
0
0
0
0
0
0
0
0
0
0
0
0
0
0
0
8964
8964
8964
14530
10075
14530
6955
6955
6955
5745
5745
5745
6423
6423
6423
2067
2067
2067
8583675
8583675
8583675
44995953
44995953
44995953
44999048
44999048
44999048
1765601
1765601
1765601
102475421
102475421
102475421
358937073
358937073
358937073
467729313
467729313
467729313
490235229
490235229
490235229
738785793
738785793
738785793
959241575
959241575
959241575
515404
514594
515404
109418354
109417544
109418354
368264899
368264089
368264899
410044811
410044001
410044811
601480685
601479875
601480685
809970337
809969527
809970337
826152362
826151552
826152362
122980434
122994204
122994204
354205506
354219276
354219276
367508456
367522226
367522226
290320578
290320578
290320578
448995858
448995858
448995858
29171780
29201342
29201342
344437432
344466994
344466994
554864945
554894507
554894507
556995427
557024989
557024989
775423968
775453530
775453530
992435778
992465406
992465406
264
264
264
240210394
240239566
240239566
442420054
442449226
442449226
461226132
461255304
461255304
745308780
756575596
756575596
930693590
930722762
930722762
937351832
937381004
937381004
117904914
118481478
118657502
398403056
398979620
399155644
599856124
599856124
599856124
934906464
934906464
934906464
1211780702
1211780702
1211780702
164622765
162561233
165833139
443344016
441282484
444554390
760700810
758639278
761911184
793731633
793816806
793731633
1095175132
1095175132
1095176452
591985148
591986468
591985148
604713610
604714930
604713610
604713309
604714629
604713309
604713969
604715289
604713969
3956
3956
3956
1229
1229
1229
528
528
528
1056
1056
1056
1320
1320
1320
1848
1848
1848
1452
1452
1452
1188
1188
1188
1452
1452
1452
396
396
396
0
0
0
0
0
0
0
0
0
0
0
0
