0
0
0
0
0
0
0
0
0
0
0
0
0
0
0
0
0
0
0
0
0
0
0
0
0
0
0
0
0
0
0
0
0
0
0
0
0
0
0
0
0
0
0
0
0
50
50
50
68
62
68
28
28
28
52
52
52
61
61
61
19
19
19
1470
1470
1470
9057
9057
9057
9073
9073
9073
453
453
453
24515
24515
24515
80711
80711
80711
102647
102647
102647
103977
103977
103977
187963
187963
187963
255374
255374
255374
76
65
76
7619
7608
7619
76918
76907
76918
86362
86351
86362
117429
117418
117429
181007
180996
181007
181903
181892
181903
10653
10670
10670
51939
51956
51956
55150
55167
55167
65279
65279
65279
96187
96187
96187
5454
5535
5535
51252
51333
51333
70925
71006
71006
71430
71511
71511
100186
100267
100267
159835
159917
159917
4
4
4
34215
34265
34265
88539
88589
88589
93954
94004
94004
149610
150626
150626
202193
202243
202243
203750
203800
203800
23737
24377
24601
90824
91464
91688
111206
111206
111206
121044
121044
121044
129107
129107
129107
5681
5639
6164
27646
27604
28129
34975
34933
35458
34499
34541
34499
48584
48584
48604
22869
22889
22869
23196
23216
23196
23197
23217
23197
23207
23227
23207
38
38
38
13
13
13
8
8
8
16
16
16
20
20
20
28
28
28
22
22
22
18
18
18
22
22
22
6
6
6
0
0
0
0
0
0
0
0
0
0
0
0
